2.0931865474567264 -61.23082882750128
-11.476756675224358 -54.786457046629415
0.05660010213859227 -60.480109443527816
0.045815662420398966 -60.553514644657845
-12.369338907548865 -54.432362800874664
-11.085051960782602 -54.06826034209612
-10.106588805353548 -55.24531616384048
1.1559986559551876 -60.619403877972296
1.1012729487727397 -60.67989123206561
0.6650990768045177 -60.49451823069123
1.0876769674111624 -60.582346830217084
1.169617403043594 -60.65917814699644
0.979461790872263 -60.59310095080709
0.5321062705897406 -60.71980167196186
0.2191765749758364 -60.44080678911568
1.2243230486447438 -60.7319888471954
2.251047800695463 -61.709928584383974
-10.63962728839282 -54.36124935520839
-12.257579590306875 -51.063255556810695
-11.752643478366965 -54.555273298542744
-9.531191141651384 -56.602842816839114
-10.429533279750885 -53.98223552844152
-11.920685434035454 -54.48440731106463
-13.388810576696935 -54.03793695647512
-10.670064593645886 -54.35376030974174
-13.907443329560246 -60.24003166457271
-12.241141663021974 -57.3092995812269
-12.215881718897958 -57.31887004627635
-12.365283260893614 -51.382883867268966
1.2489612960147725 -60.731293565141726
0.5538748771092904 -60.73087766879531
0.6899625658656948 -60.59373669525038
-9.729502443567212 -55.547905288619404
-6.322700078743861 -58.005071033806615
-12.201389671963895 -64.12698104270336
1.5275176925067855 -60.37030285897856
-10.60985360129374 -54.36319215844625
1.6822175824581551 -60.52472565808651
1.9335665106453295 -60.37752981283549
1.9323260449293278 -60.365626858597
-11.903165455150525 -51.4816817518959
