-3.0901388705165087 -49.357830266960356
-4.262331782822787 -48.21723517166015
-9.116675573109383 -62.412045310893056
-9.83312005130071 -64.29057732411133
-11.97158502883459 -51.52688442552938
-7.081965447393759 -57.00961210307454
-7.265614518328542 -57.05940332514782
-7.041540202660751 -57.1703873567642
-7.066576437278355 -59.25420371099081
-16.344963672228904 -58.27008857936585
-9.298171232657314 -61.1589695032707
-2.955928041370902 -50.38729503611005
-2.92938955660966 -50.39550035563324
-9.771158910591085 -53.84181750704637
-10.251786555093869 -53.792882146455305
-5.30323208114345 -50.88085557293806
-4.213134761264568 -54.708943368758646
-9.792617789816443 -60.48881996995505
-9.817216483985371 -58.80995305185263
-9.936161153827058 -57.517095543449315
-10.120987008883372 -62.71920641021498
-4.114594668337559 -47.21544822910328
-4.732324106285873 -49.136568547928874
-4.688934157433097 -51.19496250859182
-4.692473541688518 -51.182588117123636
-4.701453696610786 -51.17026148419087
-9.155102109251107 -62.278953888147385
2.167021781001074 -61.82035786956523
2.0833754528341077 -61.8073364061491
-3.5469956986397095 -50.42932710609489
-12.421163172983876 -61.75331690486254
-12.241718126623224 -62.46414631241093
-3.6692235053561086 -47.44978520352026
-6.679777249574534 -60.03662861302274
-6.608694817928948 -60.02076291564401
-5.809572462342495 -51.610699989541764
-6.636695595568852 -62.94488257405438
-6.5094651993580355 -62.92096840012587
-4.271250277758241 -47.202013330630685
-2.9787465914447964 -48.103887206288285
-3.0215864323647335 -50.96300662046437
-3.1505203385030986 -50.86129239078068
-2.8419577236358395 -51.41834177254063
-3.718363704080906 -50.18117088906276
-3.678544836470257 -50.223558562770066
-4.976328653807873 -55.910403095805954
-6.553287550037788 -54.98510587584588
-9.32093823328193 -65.64491293070591
-4.186356633633037 -48.71259518185544
-7.2169940882228625 -49.78065473523187
-9.494578158553626 -58.934381965190575
-9.545568867458421 -64.24679363422518
-9.245952610595523 -60.61351649587112
-3.7008000278218116 -49.92383549252952
-3.7430084909825276 -51.590008562788555
-12.17333564995661 -60.65026505183985
-4.48905385099932 -54.91762037157984
-10.192317544324663 -64.66836886044072
-5.091622091676267 -56.208504927661615
-6.233138719434572 -53.139267743513486
-3.8429777031537387 -49.93762601524109
-10.640446540810645 -53.907586592748736
-11.355774749663874 -52.207450440260594
-3.8502658271340713 -52.21918386544571
-11.389623992367264 -54.16204308383673
-9.461517973756582 -62.505112462325386
-4.2096645070190135 -48.03732132289375
-4.346909381309337 -48.78717354945881
-6.936811737220509 -56.5253891261171
-6.969105177100301 -52.28377540371657
-7.129552294304294 -59.27240375585711
-6.372918685470653 -52.76111317893609
-9.780125352350577 -55.55456058668736
-9.415342568790251 -56.62266684153148
-6.705994376642508 -55.289239216467045
-11.363228268299732 -54.843515222996885
-3.184996468731479 -53.13023829411346
-10.57061096452012 -67.777434087957
-7.027594467988068 -56.99013690786828
-3.2370728450324013 -50.76991569423244
-9.216743604690317 -62.4391248497462
-9.635444007842546 -57.92110231859541
-9.640630103104888 -57.93135728361834
-13.868141781103114 -56.40941976887288
-3.245360912026229 -50.4320867799318
-9.347481334712343 -62.4640803466358
-6.61051457512029 -55.73034437248042
-3.4100934316902194 -53.19937729498787
-9.440110105267612 -56.93388777217032
-7.0227622318732825 -52.29603038183122
-9.381240373321981 -62.47270563603884
-10.520665446637878 -58.96760067928407
-13.25673661048867 -54.23920126827647
-10.556730986443581 -51.86355475639554
-3.9194883457852034 -54.66972431556581
-9.948170395015085 -57.958876501588705
-3.193554254939126 -53.36401422318638
-12.386924956223135 -55.00969477726342
-5.111416974024046 -56.24631068959883
-7.18216464595043 -56.7108787275733
-6.631385832325744 -60.006047776090654
-9.494111187425116 -51.343117114055474
-11.230619398958744 -58.01448327828264
-10.756884804573115 -57.77912424296499
-11.364154805008745 -52.21514525595105
-9.084431692981862 -57.62002568370119
-9.423082062930197 -51.81862279347947
-5.246190391108632 -49.95881702968945
-3.278967340468123 -50.70205987393911
-9.385825862372842 -66.54656293104703
-3.7992653563144163 -51.0611459221151
-10.754981808173303 -57.79125275481271
-10.804242899825427 -53.75878275080233
-3.7721638541131193 -54.44524176940256
-12.325773543918134 -59.239403747074576
-3.9637516884003423 -54.71314914230822
-10.40450175235131 -57.969521480054915
-9.463063711583029 -52.029889163449766
-10.342343163900297 -54.133059383514144
-11.314054390669757 -55.48267139072036
-5.015146162048701 -50.837383561964344
-5.006098275330753 -56.26105899811112
-4.871997761847614 -55.92607087901223
-7.285400579239701 -59.91244392954228
-6.990875399094435 -59.39977419615769
-10.257476426960284 -53.794329279436035
-10.988523247717836 -65.14112985863018
-9.400740173325936 -59.58384369332564
-12.271784679097747 -60.670861830961556
-4.166722110986933 -53.59619845079785
-9.943655929527456 -51.30201704053216
-12.504285840664167 -54.451336852232
-6.353474017521781 -53.524425591837165
-9.637755943379247 -51.38103099353403
-9.220690551625738 -65.52808312079878
-9.295812506238036 -60.88569318285334
-12.066264059721822 -57.36847934524626
-9.489907115247568 -51.32584904282838
-7.20935234817205 -55.22456211196737
-6.096526929868317 -59.917223404244176
-10.192805381715111 -61.962078942654735
-10.37309979225062 -54.21661195512013
-4.386905068078403 -55.18781646320289
-3.4012916930545 -53.337107526859036
-10.51385954343425 -56.320782507407664
-11.092560868309452 -58.962506824338966
-12.673006975047471 -54.94933471550743
-12.261985728176827 -60.35678034158915
-8.334825107684823 -62.881678548876145
-14.071703314524893 -56.131529340853795
-9.763956585805062 -58.58964569952467
-12.111924307559482 -60.83756198132581
-12.01076488050855 -60.83184983719011
-12.259990579352475 -60.335209967899644
-3.945811095786687 -54.480216532917986
-2.9313829054309903 -52.98363843141507
-10.2199704394772 -57.921691433836436
-12.314301641487837 -60.65132788720752
-12.261934632965636 -60.38555263251971
-12.268207314599255 -60.398528460189105
-12.281591134225243 -60.409465329300026
-12.306775016821195 -60.29933437957726
-13.675528202077821 -60.64953801340123
-9.9003420109941 -63.58945662714624
-4.370023654173448 -56.331361864195586
-4.934550953270635 -50.79285430240954
-3.059598722270564 -53.049920021512875
-3.259101123589772 -53.141198802986715
-3.6935035862063086 -52.383488403726076
-3.9276068763318657 -53.614157712201816
-4.2085152522056175 -53.630152537062635
-8.794136790239861 -62.59336218108339
-8.876909984968849 -62.48067389980898
-5.5553820302037185 -51.47766947052462
-5.760629641283163 -53.58289244697182
-4.315740723782363 -50.543056354730126
-6.145761764313377 -51.71910546152908
-6.109670518472965 -57.29915081169694
-4.974252492309315 -50.78176447346159
-4.96184866807078 -50.80247558167202
-4.743325119009063 -50.94084737672894
-4.391304004805974 -50.78898292495133
-9.912449944882972 -64.91699377667166
-5.514289949690779 -49.45373575415947
-5.775907918232808 -51.44228622733078
-7.564576130499221 -60.75242326088942
-10.206025192446894 -53.99741958067882
-10.933132989552927 -59.027613400028415
-3.4599134564471234 -53.725246536697796
-10.410173046651206 -57.96438933342262
-3.4500681527597625 -53.72895724663866
-11.496218002665369 -60.505987899939704
-3.2050119022536765 -53.138862858621884
-3.213888540863756 -53.0629315049544
-3.4451149551740876 -53.71177941744423
-3.1108273989596555 -53.23053298534276
-3.927783112801132 -55.3630028022986
-9.93949405874061 -57.50970144360977
-12.798753403916198 -56.94743275009323
-3.369915542318323 -53.351046878396524
-10.74760537570634 -57.49076265218319
-10.7294273223451 -57.5090473727641
-10.701602552223479 -57.51057246909125
-10.66426420354277 -57.80298924729208
-10.736510374967152 -57.53334093615289
-9.864705787126404 -60.02259465503501
-3.838131565406859 -53.653203082268845
-11.877657376917027 -57.34544515314523
-5.869901704809813 -51.55258428783019
-3.5985958949402423 -53.136681290014636
-3.8613867151693184 -52.374423838848635
-3.882705556326246 -52.1801717119544
-9.395689902393505 -61.134420809366524
-6.110867045707344 -51.88785427360826
-4.080669077390538 -55.32812870299079
-4.456690785500364 -54.95577131402255
-4.232793784525937 -54.95004474895832
-5.573719109800269 -50.947944164427405
-3.9812161465833578 -51.77502222911209
-3.822292263634979 -51.66084624194952
-3.988718470677933 -54.760707535761085
-4.111447586680506 -54.554901493695894
-3.714234007277974 -51.81473446581978
-3.8955582089504235 -51.78944797341053
-6.148061280308735 -53.88977719924069
-3.7370667043991874 -51.6695326319926
-3.9337969907174832 -52.104427714573134
-3.729930937984123 -51.65233735348798
-5.689870117001472 -53.42893108615574
-3.500107815603899 -53.631870249555185
-3.3826351531545145 -53.48507147787531
-3.2184888025183804 -53.40865965056214
-3.208483479562918 -53.19215772395127
-6.502558251325515 -52.37560719337438
1.0901553866320457 -60.68479949444708
-9.202647763480082 -62.53849632818125
0.2404925131944441 -60.57211192407492
0.2309718087476297 -60.543772552868454
0.7899106477732226 -60.29565175299652
1.0670249819391895 -60.638599773719704
1.1857718829925292 -60.60182135548263
-9.37807316878723 -62.34477770587067
-9.310646170190347 -62.30692152683529
-0.22975692726401648 -61.016564823700065
-0.2177792415496869 -60.947904217807064
-9.145887485345774 -66.94938080141068
-10.204253854576606 -58.77515970627755
-10.227132220225998 -58.78944342564763
-10.150058833791539 -58.79859898555354
-10.147772002460236 -58.82183326349059
-10.25368417769004 -58.445987346347714
-9.063022022147203 -62.33818046880236
-9.451076492986273 -62.13975632384802
-9.179006245556065 -62.544004502194724
-9.25428660496663 -62.405786176752464
-9.082343581156751 -62.46540779844384
-10.222414678103164 -64.2547524861507
-14.02195675140829 -56.05464829190441
-9.195466931652183 -57.72801804061584
-6.901115443089675 -56.519727415207235
-11.07029220813255 -62.83977714163746
-9.39742427674227 -56.88971234656552
-14.043100260977559 -56.07147923270161
-9.940714514524158 -57.51753277777799
-10.560696762951702 -53.476337568929075
-10.946316218484801 -57.23378428884934
-10.730827135090204 -57.533023678341316
-7.377930349825699 -49.872708659918665
-7.236879434602595 -49.75331703313057
-10.726095861340381 -57.4676793041184
-10.745761909974798 -57.55787927127716
-10.73541736802827 -57.56121779748835
-10.665358458435657 -57.79323704103214
-11.373047890465273 -54.83958458849046
-12.410545169163251 -54.77877371283896
-14.01606217347675 -56.05744421201018
-5.295540649986682 -50.11277041225961
-4.345387174702905 -48.66463746203321
-4.9206749492631365 -49.848651423920884
-9.629529450415852 -62.54190902803873
-5.589122236888257 -51.39997977180742
-12.003321033757294 -51.568886390907835
-6.557964230777272 -54.98878594770076
-7.576364524137967 -60.77165455295183
-3.593651915492731 -50.257307098793476
-11.946610502258507 -62.84513422100476
-6.911815085477484 -59.49043945315419
-7.879833819892357 -61.38864689365494
-7.958074598204359 -61.58838077605466
-11.056889854898973 -62.85003759161365
-6.651774705672691 -60.063870286375625
-10.153322556057331 -58.850950039485305
-9.145069649389384 -58.91798220959587
-10.212078185558187 -59.09347158446154
-7.992964715586722 -61.30585620985821
-7.561455923863146 -60.75669506083906
-9.16370549877808 -58.98080725217902
-10.384363642622182 -64.87251153191535
-11.077251669363678 -62.878400250201516
-12.343348477791487 -64.14288486328971
-12.055542564445693 -60.96649753096991
-10.235703464313266 -61.932140405255936
-9.426292966157947 -63.52043502431639
-11.063116186174314 -62.88983402947616
-11.078063496470042 -62.85067344774364
-11.863123032185348 -63.204248813387096
-11.59571639927219 -62.4757084056691
-11.096933174139517 -62.85530811202905
-11.865252139725985 -63.33094740157585
-11.866352711926684 -60.6668068167717
-12.43234157707019 -64.1023419137006
-9.285581079688226 -55.902420771829426
-6.995746552553585 -49.11193106972797
-4.185514761202177 -48.74361076951326
-5.527291106312826 -44.03636028893063
-5.288848626508157 -44.050443981216226
-9.900022382825707 -50.50539466114182
-5.43972506843692 -50.87314623721437
-5.800545142774113 -44.4847477527673
-11.969462125265151 -51.4763365318082
-11.84482700890829 -51.76727248346898
-4.235647335830105 -48.126795388665315
-5.61022218625034 -44.0278440205109
-4.148178560694265 -48.60103017572807
-9.038212409849768 -51.414737313226
-4.9614031586662755 -49.55348617042979
-6.082956474995039 -57.29385598240764
-9.845212969230527 -59.91691491601092
-12.25447879606308 -58.18905115669743
-16.285675406436354 -58.61141566355108
-7.437682666192855 -49.76583313638805
-7.312966990597843 -54.97534653022535
-9.152085685642085 -62.24431024532016
-4.442874286882609 -55.74729074918291
-5.852995601520385 -53.82120693603565
-10.248587208311816 -53.79839902981917
-3.423860468995076 -53.31301881492241
-3.4958618171996547 -53.27307584145706
-3.4571175168431822 -53.251305274473474
-9.423883515749722 -60.34181792949185
-11.138803723837137 -61.42340564255917
-12.348252218458603 -64.13915954323936
-9.486782009502802 -59.13297046833101
-6.957959135826203 -59.272903552374736
-7.140343518984637 -60.151455780381156
-9.215975217543136 -64.24609695378302
-9.285292017328288 -65.49153169631214
-7.942674869868386 -63.60481801313221
-11.975804550573788 -64.01038648926449
-12.125785721185805 -64.3109498767291
-9.267664842442125 -60.818476260406186
-9.17069261896601 -61.69627905049155
-9.361660395760893 -61.98107412947831
-9.266445491932528 -62.691384707579175
-9.535142416308831 -64.28160500158525
-9.572869305959802 -62.810909331628196
-9.473386408600037 -64.60220055934936
-9.649938238826579 -62.71824682649264
-12.38161331634203 -64.30275876949707
-9.371327101501382 -64.65659888824749
-10.275058096632721 -59.11702814323699
-10.017434386898598 -58.37888563167574
-10.968739875014297 -59.01838862751964
-10.629052781155721 -63.5774909571977
-11.91972466437261 -62.76850749523062
-9.48655890923367 -64.70265548314737
-9.54238735086533 -64.28614071914598
-8.029260171523813 -63.51720878891063
-11.261612646914543 -60.758731747536984
-9.688126464101677 -66.08971487131977
-8.300344350957582 -63.856373107808686
-9.293703075496383 -65.66599650758347
-9.92646042392669 -59.939995617781214
-10.167362576217846 -69.35705051226209
-13.67800695426386 -60.64429725069173
-7.959881073356769 -72.43746271861137
-8.848592098188556 -69.44637614950749
-6.65192126755791 -52.32323702036023
-6.279465159712344 -55.816093081637575
-2.9399772380640408 -50.39475266576173
-2.8472117441862945 -50.38951304609933
-14.248536407708022 -57.01128723612889
-4.926859547451366 -56.02856486928406
-5.0448224106126895 -56.140775406553786
-4.70487938797276 -55.723203679031656
-5.076354766472843 -50.6259180432813
-5.454820567416223 -51.08479325480831
-11.60321197590835 -54.47016987584335
-11.34795259099481 -55.437989712830685
-6.7318953780637445 -52.821441033016384
-6.395621046453403 -53.24429438586995
-6.341878333210806 -52.94622087367534
-5.157279050906719 -50.39707990589346
-5.7353388614902805 -53.454207655155194
-5.895817544093884 -51.92206854149962
-6.402745678848348 -52.63566775824022
-6.319985977121687 -55.23630889759202
-6.75691040567748 -55.33404193769063
-6.811763788196379 -55.547848654570785
-9.162051764071311 -57.57144238315154
-9.173086819731116 -57.54701540694168
-9.303378044880159 -57.192226744662946
-9.316293473217637 -57.19551709703883
-11.652010084202615 -54.39402813455898
-11.882049448450838 -57.350361202190115
-12.238885344520341 -57.11140894129842
-6.9130865079120705 -59.70755836638872
-7.182336142354445 -59.671013249726705
-6.737172333004409 -56.25937149617991
-3.307878607265625 -53.4059198197261
-5.04553441530654 -50.8567719978079
-5.649054995137429 -50.16826469425629
-7.346617967880467 -59.67446012017374
-12.513757106130361 -58.51661879319999
-3.1977320763535615 -50.4016069853244
-8.854727845330375 -61.453261131858774
-3.007217405039244 -51.09532974404686
-3.1938067930244816 -54.216823966373425
-3.6921053410346296 -54.53746497847929
-3.4958045640506894 -54.37610477935246
-3.4447873842623076 -53.52631218128909
-3.474819268646321 -53.507016093378795
-3.3272908185910244 -53.34932554546334
-3.6913567779846503 -50.226401844756985
-6.198644391291066 -52.953263251122706
-6.176626008865058 -52.784171627734224
-3.7290441162029477 -50.26180285537857
-3.35403547164294 -50.51000496100928
-3.770082475859651 -49.91616890297961
-6.741296914830721 -52.30508199762143
-9.631236941829991 -57.919030530369
-3.235999547326311 -51.14294882207912
-3.2245619122346048 -51.00675835143888
-2.988861344502483 -51.3284392563289
-8.095942156237944 -55.19493954546028
-3.5166207060496637 -53.966442555340485
-3.4862006902679172 -53.94078688546969
-3.689660272707857 -54.567868226380945
-3.8517062750149322 -54.36669539821812
-3.603223954509086 -53.42461062123381
-3.6674208584910115 -50.20770494944345
-3.6757568780456857 -50.20250679638806
-3.453697086481413 -50.3983279448056
-3.9529617143730156 -56.072404464715504
-4.8694911607631886 -56.2244488766246
-4.885100757137322 -56.26357863164552
-5.142749429664566 -56.11402777416223
-3.045632401560763 -51.370401804878504
-6.197115057367119 -53.22744754018641
-5.839830597966411 -53.81875299630341
-6.173074886529438 -53.15331193728244
-6.1680538919372 -53.14150056236522
-9.47076958644848 -64.59588110792488
-3.294616184382026 -50.52284457311839
-9.646319943847192 -64.24434032893471
-9.760375712736945 -60.46862141246145
-10.202976881795239 -64.42771178711979
-3.090248855904681 -48.03096428541719
-12.379177933628823 -57.688413273542494
-9.05170471616398 -65.94644529090684
-9.055976829688042 -65.91270030911875
-3.235043982835417 -51.02503224423969
-3.5043302098960027 -50.447871591201974
-3.253386129499553 -50.79399840933174
-7.824525473105835 -61.802549474362685
-5.868075082254566 -56.49519898074971
-5.649704572726102 -56.74363713690964
-3.305561601523844 -50.78507527461541
-3.2065537950353473 -50.41676728075691
-3.2827946666123338 -51.080200788728234
-3.028339919975575 -50.96192676730888
-3.1899294363511026 -50.45497108722969
-5.824422425581815 -57.363284491505304
-6.066840182541774 -56.47606903458262
-5.349817941649599 -50.926210936333746
-9.098675040032939 -61.15911727419651
-3.678344311520677 -51.597684508293874
-3.734342068081399 -51.69868045644604
-3.9660617503771407 -51.099948418496
-3.5945871343296747 -51.45792062470316
-6.833638622206135 -59.77060828602075
-3.0584842990965173 -50.41285761724712
-3.170081228689123 -53.60363741029027
-7.058351145875985 -59.415597474540846
-4.204580425015453 -53.7685932838411
-3.9198321239662337 -53.66638622119531
-7.671747905620196 -61.32405358785032
-9.099695940511191 -60.3702071113017
-3.49037673382371 -55.43652243989335
-3.6505087480810063 -54.53654321556897
-3.649737234536291 -54.54798144420794
-3.6754286684355657 -54.5617660116102
-3.56300764589182 -54.644125802884595
-3.4381819299695278 -54.57715616836476
-3.4594973102083997 -53.705591289205756
-3.445240204522153 -53.726918043392665
-3.677159324996813 -54.504135572482305
-3.723415443070739 -54.51837218914814
-3.6989490911593426 -50.17681637983748
-3.429557622258882 -53.59522810645438
-3.4270873794124213 -53.57371446508712
-3.4254761815700903 -53.54466952184452
-3.486242237970241 -53.543782863839695
-3.4327770208064563 -53.29170995279263
-3.3751597068467456 -53.23298191541834
-5.952025205018873 -51.27895892395559
-7.009736107351372 -56.78631041844236
-3.650604881303344 -50.47767694250812
-4.273759173798383 -53.72019520055273
-3.3692929897765374 -50.36499344578294
-4.044327842094688 -53.56364462526573
-4.0810815130354055 -54.44141127451447
-4.385311700408998 -55.25913534915027
-4.658758564891112 -55.907754369038656
-4.269035253741826 -54.98149934099524
-5.179536316500552 -57.6489954054178
-5.870958102357416 -57.70656346287522
-9.715770089984048 -57.0653310994012
-7.021976649511961 -56.809523096627956
-4.921662197019376 -56.20941369187106
-5.037002793079574 -56.089744930576394
-4.854057368239075 -56.111165947072536
-4.480267993456461 -54.81837942566665
-4.487080183286434 -55.629539504676984
-4.478758720762767 -55.633172228442746
-4.715561068438488 -56.17097267644876
-5.646428672229751 -57.66395388009375
-5.744361554402794 -57.419700876693426
-4.697235431563123 -56.17408569744526
-4.4622552608369865 -54.798621386462855
-6.217184603572986 -53.25549397574627
-6.084084066440479 -53.27268564206216
-6.455428383232435 -53.67722224171857
-6.108847002846041 -53.54234119587371
-6.188330533336317 -52.67255678013198
-6.035120028687326 -51.39621399887443
-6.439663383097704 -55.07113415907325
-6.71709551279897 -55.225879602851954
-6.198085760191395 -51.44233360998499
-6.950364478577666 -56.60704094955742
-7.232336861151568 -54.98929588819729
-6.433878425891604 -52.63304423818542
-6.430349477295886 -52.642039018717774
-6.822992232752283 -52.27305914625059
-6.85216638415738 -52.442823626756415
-6.344083189766742 -52.7676289743374
-6.472716081410694 -53.66453876310366
-6.46995336924112 -53.678624539999625
-9.598930130732544 -56.98369166170404
-6.667369523293416 -55.41164561026978
-7.310373296045252 -54.949443050292686
-7.429370485308666 -55.236631426015336
-8.316327618889733 -55.23476006360771
-8.556736568814832 -54.82946228451003
-8.563928352145993 -54.79037384176501
-6.767447050321196 -55.364438920644005
-6.318188824719164 -55.355358308474955
-6.820940411808221 -55.6277626474576
-6.6488557432920485 -55.318237477169326
-6.629234122347657 -55.02866512565647
-6.406901038892914 -55.61900130013618
-6.610992567866753 -55.71485503145017
-4.886135183353711 -56.25047756000003
-5.00084139039219 -56.21075975641781
-4.333399266393221 -55.61119811997618
-8.272896248556258 -55.49306096739081
-8.50580861488604 -54.60526914825025
-3.6235657523484055 -54.49716159189833
-5.754021102810247 -53.58448975837338
-3.745831038650742 -51.601110450803354
-3.2509635709275755 -50.38960670620848
-3.4315781616312186 -50.387400460636826
-9.599287761643348 -64.2995816036577
-10.09130627109046 -64.25874927825602
-9.065983064573592 -60.46605543005365
-6.933646234513316 -60.10337163223634
-9.31592176451761 -60.50535910177731
-9.861370337353543 -63.55919165771329
-7.059245175986356 -59.53995699892893
-9.035528584712265 -60.51941873365735
-6.858565760039131 -59.22246826225618
-9.09638301997277 -64.01372281170363
-8.952947691528642 -63.93343094155846
-9.05372421251319 -63.771162936929265
-9.493550255370375 -64.32732705357304
-9.458987094839006 -64.36640897658901
-9.57350625521662 -64.34718825587689
-9.340401953183338 -60.42528418215062
-9.60641747139072 -59.02500883896942
-9.782639368069384 -60.44751055776732
-9.789308910632082 -63.61723227440756
-9.642614437408076 -63.69717278033178
-9.661761085463967 -64.03279791163474
-9.851201210491523 -60.20021488395377
-9.72717336950899 -58.960882946984405
-10.291546326219352 -61.901800566556204
-11.317519690474962 -55.48875613346005
-8.336352496082043 -62.89039987423034
-9.455426416849576 -63.386748163901366
-8.794796861064658 -62.59742306417305
-7.217873058650562 -59.73141789748938
-7.737357952641772 -61.472301928264905
-7.56308183693305 -61.388518370622194
-7.87403838732433 -63.28411996609121
-8.609034934513922 -63.15043085084945
-8.648590312348018 -63.261356982952634
-9.182948309424788 -62.20572440520345
-9.315823424402247 -64.27804189110364
-8.919850335187213 -64.33742411055498
-8.882500876551507 -64.4015549992295
-8.928286645899625 -64.45163620804334
-9.053081037816694 -63.78091610880265
-9.418229225796349 -64.44388079528002
-9.897589717742628 -64.18045675113083
-10.041313589474253 -64.3014918044826
-9.673849851468509 -64.28994894701339
-9.56581243792664 -64.08324164676691
-9.651483457169068 -63.866069749812524
-9.91943668347814 -63.829037729447094
-10.064141339145438 -64.2416128110505
-9.971807901676858 -64.18548839630901
-9.629056721324101 -64.54331285172766
-9.90261294393447 -63.762831105341036
-9.905014029413408 -63.58979470732687
-9.682486592055186 -64.01856330522928
-9.6014309809798 -63.84870616637209
-9.93825859877867 -64.56783639585429
-9.96648972266081 -64.63138409346992
-7.287949362266458 -59.7638149626269
-7.064026017971476 -59.2497231932886
-11.997954700996885 -58.37710925415481
-3.142040196795458 -53.02491740610075
-12.708799085111997 -54.93060012214587
-3.9577410699937854 -51.8909482864842
-3.7090289071463776 -52.08974038856551
-5.701589572853966 -57.64103305428291
-5.181553392760838 -57.38246446766052
-5.199680826522464 -57.15219601526012
-5.1610389528302925 -50.36299091718798
-5.891230458429796 -51.67121233331754
-6.241710600617204 -57.458741209437406
-6.240771626921762 -55.91889163699866
-6.45601692559162 -55.61495304762623
-6.10127343512909 -53.412986366527804
-6.158839444656589 -53.2743168218041
-6.116542157101895 -53.61552358969098
-4.076636582757614 -51.157416670391775
-3.962906859461785 -50.967060551173596
-10.385128020220062 -53.97135890271217
-10.557746474565498 -53.48817799383002
-11.393281496698899 -55.25591385681021
-11.283360263458853 -55.44359534130592
-4.091083817532944 -54.040774180408754
-3.989283344770027 -51.78815797760875
-4.239233162125795 -48.69013467186901
-3.232813024649064 -53.20494313915926
-5.73126258128915 -51.64523343577925
-4.523036392792939 -50.60234063314483
-4.630873240011105 -50.64744156715974
-3.8048570634232224 -52.322225767625575
-13.257072914736025 -52.62787504704248
-3.69326318461594 -51.70075034057376
-3.737734330506863 -51.77705879514992
-3.661072972435664 -51.75566211383191
-3.4474868799043072 -53.09001409672681
-4.163869474171993 -51.06099242123089
-3.9043715987488397 -51.766009909403195
-4.91349929256399 -50.4161255992595
-4.736596329460967 -50.856270608829085
-4.546251986257971 -47.968122959559956
-5.536274062051101 -45.13992678250374
-6.063630443645963 -51.558975487256646
-5.897656675208933 -49.38651950341848
-3.3102399169006786 -53.132304422346884
-3.7677087171470247 -54.62802803972678
-3.298875403606747 -53.14553900690543
-3.3850911076967627 -53.30205291014886
-3.1994955868823327 -53.034852432525746
-3.381628425542139 -53.50999529751145
-3.3256507471564465 -52.88935730884301
-3.3110560695195614 -53.09931812720248
-3.396626789600639 -53.31440820614451
-3.375268375620608 -52.88533647653708
-3.427246634038418 -53.220359254704185
-3.6088381806431205 -52.22956411191172
-2.941116274548363 -52.821492603264325
-3.3668910944045956 -53.26075317000235
-3.3369653657298928 -53.7696218352726
-3.216441994838466 -53.08533212266543
-3.5538786726901437 -53.150113641245326
-3.694971000315494 -52.228500161283115
-3.4887296989901913 -53.76753485854959
-3.7421094947073374 -54.70558180308012
-3.5779360338457775 -54.69931237208835
-5.657187456009032 -51.72601503209404
-3.5995024783816283 -54.79288065242517
-3.5133699245375043 -54.62020553838837
-3.5195380577354323 -54.61250679935912
-4.0757588606744815 -54.12479108943377
-4.078656638723832 -54.14164909033269
-3.9177762979558186 -54.1093560378565
-3.6026099857464304 -54.32837365425276
-3.911188168504105 -52.110064171989244
-3.827607829533213 -52.06225313700316
-3.8091578018513497 -52.0399752709209
-3.8736718052238577 -52.10297221822667
-3.8117369605466624 -52.11897634348901
-3.7668313372489814 -51.63298668122653
-3.776406822896698 -51.62421552659669
-3.732204595938102 -51.60190531351759
-3.652424713269653 -51.91975694793301
-3.87968225681673 -52.07065961754443
-4.575281256023425 -50.61023382669103
-4.610241078778885 -50.56332040284558
-4.507710348947408 -50.82181192485744
-4.635618893993098 -50.888457384461816
-4.536719768446193 -55.47690079675881
-4.4946212586056085 -55.833356391304136
-4.535851486509419 -55.74251747948104
-4.509664125777354 -55.6413817978504
-5.097482082243441 -50.71936231939722
-5.153684885618182 -50.63997848239652
-4.8457179475142365 -57.41144788324395
-4.856039698374999 -57.389642590939346
-12.680314290817932 -54.9117119448296
-4.374860891388384 -49.88440206011832
-3.1734118951643744 -53.05014507461496
-3.8181690320645503 -52.38660850269348
-3.7032992212354 -52.33180525116893
-3.7404640275865213 -51.704160854638125
-7.466404946138384 -57.03082100500803
-11.334400536163649 -55.60654506655528
-11.374287843402207 -54.842202327904
-11.286836376162201 -55.78612826510227
-11.554750451216016 -56.338139696859365
-11.703398921512957 -56.49558430654791
-12.705247972454867 -54.911677716762
-3.71089569645883 -51.6981040376625
-4.746773884072869 -50.72055919711677
-3.478155035524761 -53.44853175003032
-3.7920003426606645 -52.04645786964579
-3.4832816486619906 -53.45535055451652
-3.393187100850837 -52.9262569130646
-3.465650289270789 -53.33014815855603
-4.732743419155985 -50.82223743254894
-5.583962809573596 -51.462289467482535
-3.505044769833639 -53.94736050512662
-4.8252303365673805 -50.73833325470191
-3.4460103884399005 -53.297910024199275
-3.045013327110843 -52.81438399468733
-3.3496981305338895 -53.24218765455882
-3.3425608787451586 -53.418084390168026
-3.35319452732418 -53.41775524498499
-3.35575104586294 -53.39373171289945
-3.4249072209091342 -52.72822280980268
-3.6528393621665476 -54.26381170490233
-3.6961721787310564 -51.59118654061745
-3.7292793335041483 -51.67090989883972
-3.7276516779005333 -51.158967631439346
-4.601285135634108 -50.95361004510256
-4.604175844470687 -50.96615097140985
-4.574464281895344 -50.96318950347477
-4.591301347025175 -50.98094373849615
-4.28816558032165 -50.70370466015292
-4.257315355432372 -50.67475074105457
-4.152548606734685 -51.028944525185196
-4.172457170425859 -51.036992901961774
-4.087943929690385 -50.84790279737918
-4.361643642745795 -50.83522642092294
-4.266074122097324 -50.97298662838308
-4.2160551065225285 -50.57975616531913
-3.8286773315331293 -51.28624603910832
-3.9840330479129795 -51.225554889629386
-4.403903122581749 -50.79109605600104
-4.743216401711458 -50.84862871171735
-4.811065243789936 -46.759285072233276
-3.4743038535550523 -53.704923738211065
-3.2699758841658966 -53.176731916426036
-4.798376288642429 -46.83062040131966
-3.4587442176867187 -54.8578029624895
-3.2294248448124856 -53.12958791349335
-3.8477303071330518 -55.968668018888486
-4.99548600592842 -50.96189543756076
-4.629351178714648 -50.7252285035095
-5.576363582429106 -51.4244069359643
-5.177176733681441 -50.84202285447722
-3.7383903803128846 -55.67327979103436
-3.576950086748133 -55.460068897379166
-5.649277994043036 -51.35087349739212
-5.783914088346759 -51.5590927787411
-3.056995857139789 -53.39686793154784
-3.210784793265722 -53.36727962391324
-3.800434224451162 -52.051653639909574
-3.246455815962005 -53.16267733772618
-3.8167209575480165 -52.32746393837055
-3.135247017120677 -53.18466763918972
-3.1523543999196564 -53.11940162317248
-3.0952031588081734 -53.05014722489143
-3.3742405521169423 -53.12049066746227
-3.422215046948634 -53.10722933375742
-3.4527627679131125 -53.2098762012841
-3.3812146994580283 -53.462265787006594
-3.3612105800000975 -53.45849991479582
-3.347779528405077 -53.46893432676863
-3.290810975671566 -53.544106794340266
-3.417852272896814 -53.540484550799945
-3.4144045514371073 -53.28672988390436
-3.4597598609969227 -53.08251265023357
-3.3742323315041203 -52.99143588583102
-3.413355607987837 -53.2194664848672
-3.37662390186023 -53.169194909802485
-3.343572287120263 -53.20014857717342
-3.46650213428516 -53.64095600317001
-3.3944589089767 -53.51199123329237
-3.7433046854032037 -51.79255720704867
-3.389445962949938 -53.468343262518616
-3.39202747790748 -53.48129261505899
-4.039037970526106 -54.41220786159577
-3.3914358455189255 -53.71721193468958
-3.1966437820893847 -53.216055845495035
-3.4818901523637096 -53.53799494048253
-3.4519427967576006 -53.59392706131858
-3.4587713847067802 -53.58234865915168
-3.332338300617672 -52.89091268045284
-3.8274720316664665 -52.17428281308693
-3.5637900174886217 -53.27467483607082
-3.298622463922036 -53.22285844984384
-3.413888409225952 -53.26376485708892
-3.314787449807576 -53.030755223656776
-3.2601268936289234 -52.990888718046506
-3.1414227720409054 -52.98461969725766
-3.147079164993094 -52.99301134277759
-3.141290234076229 -53.008274927714986
-3.138785151688611 -53.04904689339348
-3.3709112790254068 -53.10969757810667
-3.4193081271892476 -53.24329506538863
-3.3779213377108883 -53.42079807523124
-3.4400422230867234 -53.476754751961295
-3.4740130981389825 -53.51394095136315
-3.3531735268378124 -53.5568472700985
-3.3812561172391717 -53.63159849273694
-3.378391611574939 -53.27322277263512
-3.1197474510180903 -53.192234384737866
-3.0585856621770535 -52.66305377192283
-6.392652303169383 -52.684094453098446
-3.52941809579997 -52.79602090796644
-3.4190819909264785 -52.86574612535353
-4.110724309503941 -54.626954646470686
-3.186283972228555 -53.19015293974788
-3.15424991948286 -52.977041940216886
-2.886199386248183 -52.963540567672865
-2.8072290031133824 -52.9648487197548
-2.8111285660904577 -52.897503617261414
-2.811797911118973 -52.845710160766
-2.9053905493955634 -52.895046292128086
-3.2659218821296996 -53.029997704542495
-3.9438272237430327 -52.193306938828655
-3.8447929050726746 -52.371504241948834
-3.8196210897345466 -52.34087072411237
-3.852917874739785 -52.36063741224841
-4.613582753122484 -50.36957307441122
-3.3552468709245518 -52.95167019304952
-3.8545134443497653 -52.19309168724331
-3.781742196606002 -52.20260134821036
-3.7736249709852694 -52.245159370696534
-3.7401394985175007 -52.19802390092879
-3.7881150903233047 -52.35341162463205
-3.8503546320717574 -52.298041776719124
-3.8895887684367763 -52.28047358374187
-3.818747261051132 -54.665014760341755
-3.6224203420791903 -52.303376584710435
-3.5793601173008827 -53.72171665696611
-3.5773927024478316 -53.54425962051762
-3.3807501440277132 -54.385964079738905
-3.38258202321173 -54.40431541745113
-3.3889996995080565 -54.395048648163964
-4.423538753973977 -50.87642552419567
-5.168135392283707 -50.84618294437885
-3.6289667581431506 -52.292178579332976
-3.666450039339707 -54.15611297770965
-3.278282601274146 -53.87142150417715
-3.305757759577854 -53.867397146102164
-3.106951346718858 -53.895196328699555
-3.921331486903163 -51.192509493723485
-3.4785853095562818 -53.940641124685044
-4.046323767530409 -51.160366565649994
-3.8524941089858498 -51.29856244865522
-3.927929633296446 -55.917473271825564
-4.062308569414731 -55.315425275798056
-4.049833917740393 -54.55759530167108
-3.726744932832156 -54.03689056192728
-5.019595673682113 -50.97236177646601
-5.242253741871748 -50.88832017752916
-4.041804895390323 -53.97753395454195
-3.815515375423791 -54.07027458843703
-4.077279443428615 -54.15733115740335
-4.034814118953285 -51.825472022267206
-3.7024344871224755 -51.6704940475855
-3.7597129586476012 -51.63638330713554
-3.9364589866482054 -52.064977705890236
-3.704319501118064 -51.68599896627183
-3.833153050089392 -51.68464656198476
-3.953535607005883 -52.1907341871089
-4.054198885285039 -51.02700242536965
-3.790828108298579 -50.94627929615214
-3.9114877904972296 -51.05464556720545
-6.354052767787406 -53.535917521783524
-3.8931482904810384 -50.767254620162866
-3.966342353706046 -50.88055209463189
-4.087715468088234 -51.10398199893348
-3.951943130435296 -51.099874775517286
-3.8714866135861485 -51.27883004155335
-3.9099060036895747 -51.122332078342524
-4.287211536728641 -50.66639344405905
-4.384862106593036 -50.531814289835275
-4.708783249128421 -50.778956060707834
-4.577001352384263 -50.567502857061086
-4.315679198257054 -55.433907055776444
-4.240983421917463 -54.6816879393881
-4.424299535078692 -54.81012108908445
-4.175111454751883 -55.134749848645036
-5.166636516593839 -50.83399205045968
-5.303890303316321 -56.714640861591356
-5.2312148458730015 -57.528769319486926
-5.180483512333 -57.493826855740316
-4.841620826378901 -55.744100851146214
-5.0481436146937275 -50.88132712064194
-5.144700495184683 -50.99272640637727
-6.44625091099896 -53.665716474777604
-5.238118033676148 -50.26885720311945
-6.316743888650008 -52.95094289677948
-6.461361229603139 -53.65037417419801
-5.83390436478069 -53.81625934794192
-5.830599423330675 -58.09366789271738
-6.352415482981834 -53.27096146745653
-6.315517860073807 -55.891179202425974
-6.136067292599015 -53.46964291456168
-6.304256211907742 -53.26876355495612
-6.20509020141373 -52.812103446958794
-6.4558550646782065 -51.72702907368039
-12.645046935601727 -54.807795783225714
-3.3932345569494817 -53.17801112577465
-3.111405795129654 -53.11797153282885
-3.3481470801191855 -53.000956528697074
-3.05640952754059 -52.92193615476485
-3.731536874918616 -51.800996374367195
-5.998298967657249 -51.77159555779761
-3.7477699581325408 -51.76667106637776
-3.7052493897697723 -51.752901374874014
-3.692090714887657 -51.7479450329459
-3.698614848928029 -51.66082630158681
-3.75109825274315 -51.616114136657124
-4.905249884980706 -49.99797665875737
-9.043699831222291 -66.08578520690347
-4.289049883460689 -47.01552420416775
-6.039650501168647 -56.422287689609945
-7.022190783140774 -55.52616698337713
-11.481594969966896 -54.801090610618
-3.2925995045345706 -51.282441357533855
-3.438322371840493 -49.44472015516532
-4.204456246589492 -48.59454815429338
-3.082423140907307 -49.37089999222802
-3.068870128380278 -48.10609926707225
-3.7433355488659847 -47.58163034796337
-3.8557353281891085 -47.94873793112015
-10.108812527662923 -55.18360852763458
-4.253440110381399 -47.02352148412243
-8.652947309401688 -67.05706318078822
-4.02507613348964 -54.42556543438148
-7.957621783976647 -63.45113172056161
-8.572778602730809 -66.73031337729478
-10.082589253848985 -63.617702877678376
-10.469918022923228 -63.51188207117512
-10.448269297996951 -64.49098532194574
-9.665604111599533 -66.96425910153256
-9.089243420679075 -57.61753825041864
-8.696265179196603 -66.70221286584204
-8.625766772283884 -67.05678433077175
-9.67229462433945 -54.89761107951561
-5.77081596383876 -59.885199930262296
-5.8712227694941275 -59.978082446061116
-9.195395170024351 -65.55328969742492
-9.073473039774608 -65.23916302136624
-9.476414960503774 -63.84296642388574
-12.117857039984743 -60.84381417981242
-9.186667666078447 -65.52172804306248
-9.246554984593338 -59.404705850017024
-9.286796454857665 -65.66995145293822
-10.228559937344933 -61.94279684174528
-9.41064430092355 -65.04611886554778
-12.265496200196452 -60.715667916255704
-9.565674436155195 -64.58939477206111
-9.507259645313297 -66.73129408111929
-9.01080775270558 -63.943736252515215
-5.254724848273341 -57.518270939831254
-11.428627865022655 -55.55697488139598
-3.138690237007659 -44.0970728463538
-3.3480219641421827 -46.518675214739105
-7.384210690162001 -59.9747757599073
-8.597197131698378 -54.662450903888214
-13.624503383660308 -56.91737202674799
-9.031237165059782 -51.7146622187128
-9.033036623829975 -51.70180328784176
-12.487930277234538 -54.8887708171403
-9.233928928536864 -50.54427211277613
-9.540824620730515 -55.105926152106655
-10.29310824482344 -55.659394905507696
-10.667978713677385 -57.75943470819902
-11.235483651421703 -56.26221827605292
-6.84833066024807 -59.84822135707377
-9.027341489366924 -51.4981723091351
-11.066000986104157 -62.866683700794596
-9.630048830330576 -51.38634481449598
-9.472941694429965 -66.75738991559393
-9.633917574820543 -64.56713429438346
-9.58525194385852 -64.60492838610448
-9.835529100334398 -63.545660792611784
-10.988242994235033 -65.13488901178246
-9.53291414330951 -64.22721181438565
-9.775562378706146 -60.46629316866784
-9.463790906192743 -64.56457829574968
-9.263417758820546 -60.85471714945058
-7.454098052117871 -55.67511365818585
-7.904141378113558 -56.61673750647459
-11.48240367532114 -54.438489705285065
-6.064625349121729 -59.93357252238756
-7.185049121960975 -60.65356879739314
-8.889702096934444 -62.50925811222206
-9.245739646923377 -60.629999139356315
-9.097510976328833 -61.17551136095393
-9.167774388661186 -61.70270478502354
-9.993309176643038 -60.03998058262994
-9.895893603397651 -64.8012675418984
-9.897515793564805 -64.74374066615675
-10.582939607441249 -58.085262812693536
-11.028320619024441 -61.41021976444392
-10.631193976927301 -57.90556065926725
-12.504957933543187 -58.51099926363976
-13.913309898296085 -60.16461173067862
-9.86030708369101 -64.30220804213427
-11.381529205393852 -54.174502963359394
-11.00901062460582 -54.039415195393794
-11.365562566032711 -52.20320718627758
-11.38078636709315 -52.20363436811977
-11.003848922436966 -56.92163375639373
-11.152127425330718 -54.16958825567625
-12.529670003889576 -54.983043357297696
-10.484407052298975 -50.94537121947841
-10.349174248754927 -64.19898779298025
-10.430393074640776 -63.90953864689865
-10.37092594470587 -63.99762785730445
-11.01269119598415 -54.001464283024994
-11.74763180430128 -51.61606716477341
-6.116170593104863 -53.7443804994966
-10.25633834931556 -64.9117574815148
-7.702469855738087 -55.0938774247517
-10.559018337891224 -53.48150740552462
-6.994531861930702 -62.931481485217034
-13.675471583865017 -60.639351891811835
-6.598102103032751 -60.03990195155854
-9.626507426233742 -63.81615879312696
-6.679961638531022 -60.100457180384744
-16.16373877908575 -58.0977411601234
-10.098894321211235 -57.86612326275447
-9.968510451542258 -57.64168089773602
-6.654071525953793 -60.24059588475077
-6.937106583366888 -59.47958192256438
-6.830472750870752 -55.54793576679396
-10.531070747545495 -64.19689772886913
-8.670541699048448 -67.10722746422144
-6.111817955664032 -53.950014752264565
-12.737973712808493 -62.12620823477067
-12.366648243393524 -60.76666246314343
-6.880905569832871 -52.408865375448855
-7.8843988083288945 -54.89074520694417
-9.718361797252646 -56.9323268300586
-7.213839046519324 -60.01636708981585
-7.134595030611997 -60.027165533697044
-7.152131305367742 -60.11377364109761
-11.92796379790713 -63.888826441383124
-9.852121749564633 -64.78842124555113
-12.33796006063072 -63.66080442631746
-7.007506253983002 -59.475524057677
-7.692619289356658 -61.04934355953624
-9.642267150724924 -57.93602669312726
-9.481061234778057 -57.76889825545633
-9.417387965141184 -58.91523056761947
-9.40493515414416 -59.48456432595477
-6.417125881200892 -60.03808376093388
-6.301437795054831 -52.7908033655837
-6.323183219772494 -52.78882461717074
-6.930477440363187 -63.112359634923465
-6.795979335382276 -62.95621143640894
-9.542863533087644 -56.891117975945924
-5.783680508250095 -59.8896174367421
-9.683272497550973 -54.6654096281333
-14.385903906042833 -59.9060192766108
-12.401263931904277 -61.2797355783278
-10.331786098030118 -57.82199142273272
-10.276849966499848 -61.92597916278459
-10.247161049968819 -61.89549001373638
-5.879571071467117 -59.964774609574285
-6.0201331618733676 -56.46228687613063
-5.952979508229725 -56.46679582181839
-6.3937598013616475 -58.19464753471746
-5.980788335933424 -57.74065808118565
-6.22212225563415 -56.42931068875107
-6.69440663944105 -55.27720476016628
-6.7328883594688245 -55.34127992766915
-7.422141993517835 -55.64205798177834
-6.837564332398823 -55.575555015950656
-6.761157215452963 -55.321108237165305
-6.655559335967898 -55.34410618640282
-6.729030291832228 -55.269612244303346
-7.191321987079453 -59.52511843945543
-7.181702462160119 -59.38449599160101
-6.707233389394391 -55.31492669280375
-12.66570338907199 -54.88552866858603
-8.173138626228546 -64.0654861628444
-6.625553168773286 -60.035112967720636
-6.556855628491589 -58.50399866084861
-6.250883061424139 -58.07194364689064
-6.2512586398188255 -58.00478871662835
-7.136419119960872 -57.0054975799096
-6.999854440237584 -55.74385810749674
-8.828676852660857 -55.014284908589154
-12.499368065299826 -54.455380114192366
-9.40276155508638 -65.4922290815519
-10.627483318882508 -51.80964085086107
-9.308011606955054 -51.5539448539112
-2.5588621823132773 -48.152061527799745
-3.1441974887212734 -51.056543368002984
-3.18186515973615 -50.82563563068112
-3.21040547650092 -50.39866563906493
-3.096284699004376 -50.32970888701051
-3.6499762594024703 -47.461287748061395
-3.6827761798675542 -47.45290389000828
-2.4442716468586383 -48.60895817424139
-9.531643082335448 -62.43692317068446
-9.710456302293895 -64.72654178158321
-3.310720076085463 -51.28571875686315
-5.244797410197011 -50.879725899272046
-12.127308427947419 -63.31151126685042
-3.3652080326273746 -50.73746861055946
-10.178407928237917 -63.482485018662594
-9.768780671098515 -64.83803913345584
-10.061447886878591 -64.92823307628632
-10.034268092490155 -64.92397546204103
-9.52541022146527 -64.29139417912626
-9.40770785682458 -64.44484770027015
-4.131701091965462 -47.23223381044434
-3.8332997741816923 -48.97533396431513
-3.8719550512641514 -48.95069963316627
-3.3420406881575584 -50.489603609907256
-3.085790254367171 -50.356149764203685
-3.325948698808811 -50.8028257958444
-9.447492345058699 -63.389008171632824
-4.572969212679668 -50.94291930467222
-3.374552166919149 -50.78294914510152
-10.081564422036486 -64.35565547797593
-3.689815954529893 -47.18805523408384
-3.3238886254899795 -50.67889889928823
-3.276612378900058 -48.56148259817732
-3.402135763781278 -49.19966415224812
-12.506058363959161 -54.45773649889544
-4.04163429429921 -48.095584273538904
-8.021267599307729 -51.44388280295637
-4.600581549902633 -50.92648425052684
-3.4124342660166067 -50.650381166072414
-3.041898074617017 -50.376632747057656
-3.122648669505545 -50.36921919836662
-12.478732371995935 -61.271430556089044
-10.258986975012629 -63.32318756370398
-9.853927385262443 -64.77602327146637
-3.3757846921260852 -50.4931919580185
-3.2103597687335026 -50.24979935543545
-6.508187829284312 -53.455435322824286
-11.35558875809975 -54.84482429659431
-7.314550676819818 -56.718172159675404
-12.009174307419128 -51.50922647553764
-12.283200454595887 -51.10767991057276
-12.923973956137417 -56.41577096219466
-10.207852933887372 -52.71108221465638
-9.990188433029537 -64.96740381974894
-10.144884926460646 -64.97634831596777
-2.989825546599045 -49.09670094331705
-3.6164583745787295 -50.234667346200865
-2.9229325442183693 -51.59091494003146
-3.186637318881133 -50.37260889560323
-3.204990465829303 -50.65438876856209
-3.2564507079270717 -50.38798626472066
-3.2236642814947682 -50.40203747411543
-3.0862466649203166 -50.41028558914447
-3.2659070653144857 -50.39990630342419
-3.1204084139426396 -50.360933651057536
-3.6832693470821 -47.49812742326369
-4.843932562743368 -56.03602438166807
-9.856616717363224 -64.20713488143517
-9.483715347232655 -50.98102208126221
-6.1837845925506905 -53.13938498099824
-11.203632485666999 -49.867914511554346
-10.018465666316187 -55.34896495635978
-10.587178074838858 -56.56930980839712
-9.614163396976496 -58.92821804496367
-4.664798010303885 -55.908296819692985
-6.19781564787737 -55.99671882008404
-7.099862631446384 -59.313751709448745
-7.0787641816388325 -59.315882437983205
-10.746663417090174 -57.78595191787239
-10.759156261211812 -57.78525641120774
-9.79984611082021 -57.128790368068124
-11.361280958515588 -52.154279481004984
-9.908295090362934 -60.21732907937256
-8.66219895552606 -66.95220029326589
-8.708398304806906 -67.12446790058864
-9.371112530599591 -66.52399620219316
-9.237733772608262 -65.70815010038454
-8.628015373898702 -62.505553973411295
-10.660118701760933 -57.60558237048639
-10.762319894248208 -60.737347184121994
-12.485658695610704 -52.368298770327755
-9.690783541461165 -66.20752977910067
-10.97249205903378 -54.076419153737746
-6.93188799106796 -59.126694791308054
-11.352901903910706 -52.202015582474836
-11.381294128336148 -52.214591247387034
-11.317427260504436 -56.13765286672332
-11.82951196819843 -52.33757473561739
-7.042566342712303 -59.3581385367238
-6.78022536323423 -59.126738191696944
-8.59804390872854 -62.51102493783293
-8.86062612052765 -61.45896614310529
-9.033487432186432 -58.9375263700723
-8.503026485955274 -62.55295240411979
-9.117880172490992 -62.52932542010137
-10.697983787433003 -60.74638082880595
-9.899640662123733 -59.859924939977994
-3.59990981854982 -50.186160954023386
-3.595890466308144 -50.394957999758375
-3.2913808881496034 -50.652130074541645
-13.93136029326375 -59.483136053336125
-2.179228197800694 -49.86762084736166
-3.653110252848402 -47.467820906056716
-2.7041223254436293 -49.17627460210539
-3.7801901921420464 -47.49279068440196
-4.136950541489543 -47.239713580451784
-2.9013625879944294 -51.41763764308337
-2.7154163128215214 -49.0862090420628
-2.4163583874682932 -48.974485402411005
-2.4597978939551104 -49.09333866493949
-2.512121363872697 -49.059322959423845
-2.4464487520166265 -48.639783660018274
-3.279742983065105 -47.68276361979727
-2.537496248024722 -48.151829294655315
-3.0929778874255827 -47.79299947785231
-3.3586530218646136 -49.24490674608685
-2.98228354444257 -49.22479880703481
-2.962160742815272 -49.237631257480174
-3.049392205789528 -50.360017216619966
-3.284788088610369 -51.14070655059761
-2.9176691102394545 -51.7119490067432
-3.347139930336541 -50.820076622321466
-3.3987483777839405 -51.20099003605218
-3.3413931804247152 -51.208566175415235
-3.307958637427628 -51.163148230090115
-3.390392034404741 -49.24412922889245
-3.3571354475964794 -50.76859948468273
-3.0072364584307967 -47.75272582561989
-3.646261668208431 -47.472343473817176
-4.204061382193005 -47.09547755814399
-4.231590453647158 -46.94608781375325
-4.166440406096656 -46.82600595601193
-3.2270300872581106 -51.216943945510614
-3.694233592736301 -47.17791888305267
-2.879068553911016 -51.75227474687705
-3.235607236540346 -50.25288164892622
-2.942168473383166 -49.15935407605682
-2.5304064151306243 -49.00273367919491
-4.0251534602275045 -53.59935527038521
-3.736776388988447 -53.91665409849777
-3.283949483550552 -50.77095068551153
-6.3593980574865006 -52.68175221915576
-11.15999434821803 -54.1694608113519
-5.850594653200152 -53.809955769789276
-5.741513068783745 -51.39638469621505
-11.482229028514805 -60.47107201621692
-12.119068024970408 -56.44806352326705
-3.739035738196031 -53.307315711670746
-3.8066101912945727 -52.217857528913726
-13.188832945399207 -54.171235876079486
-13.881497415768074 -58.95122217125086
-11.016453332610572 -54.31961079565857
-6.834609207840541 -57.02442661058134
-6.851358873914811 -57.037931295175376
-7.007160234077117 -56.86716197096204
-7.233534146384068 -55.11054627098324
-4.041418333267531 -53.56871446515743
-4.046103319200879 -53.7727352487116
-7.53195568789114 -54.969430438320416
-10.672452119743571 -57.781559955378356
-9.680600485980602 -51.04974560924052
-7.459495603964013 -55.989115869256445
-7.975571432874615 -55.12831003078853
-8.509723748534537 -54.59957915855297
-10.561751787365223 -53.47094422221856
-10.566835051769473 -53.45005027957543
-10.46738217656575 -58.917427607249806
-12.399729976359383 -57.55777712708213
-5.991257645100053 -57.74825003266035
-14.385245505377727 -57.46813748999749
-11.526183950371607 -54.49967681607661
-4.00024525285765 -53.97684089826407
-8.802102243930586 -54.98186779823776
-9.261325545753841 -57.240211193807895
-3.086224488662602 -50.31125692095856
-2.904474125608256 -51.61657577943707
-6.306983535303951 -56.47143939807748
-3.365536473098877 -50.466184112077826
-9.24579501938698 -60.63532446359196
-6.08172894073315 -56.42335793545122
-7.937027079726713 -61.31056198571124
-6.095574700475982 -57.79591798550303
-7.608703164636645 -60.86720940822637
-9.066219425793683 -50.02449929381302
-6.1411603058227335 -57.72765356036476
-4.266269676404426 -50.97433285409724
-9.495811424178509 -64.28357248321886
-3.278579120072643 -51.22841097409986
-10.318184453311906 -51.624159537888936
-9.977541051727814 -59.84368268566734
-9.232240142493335 -60.90268786219385
-9.146109881381419 -59.7235991001569
-1.9245301494141476 -48.35572227553027
-7.787028941019991 -55.04773979036989
-3.024950676136973 -51.542831019036875
-5.795734866963402 -45.26585686541206
-3.310587160435436 -51.22871607029941
-7.828692406221655 -63.297830194018225
-7.825062743287916 -63.31076082060509
-4.607745176538874 -56.12875067013409
-4.866008761658815 -56.20621384991995
-4.478343698585923 -54.935237299980685
-5.45169018612855 -51.33673806858208
-5.17866326511453 -55.966580476597066
-5.199219118724592 -56.158183912930525
-6.908518703182832 -52.43225776492088
-9.171451981205344 -57.60979013529542
-10.277441533733118 -58.742166019014064
-11.08882346781269 -62.86297971656659
-6.866002350955808 -60.07249576396906
-7.449800242939707 -55.19979800220217
-6.962852923241845 -55.30741204422835
-8.765126985769738 -50.38573423213985
-7.073330404482677 -59.71511674932146
-9.691963255956 -57.41041394326891
-10.038663484211861 -58.45160569769212
-11.310289473655189 -55.49543926702115
-12.021751858940693 -63.79069162976434
-12.059092810423337 -56.84830203588809
-9.0874993406933 -61.875461008918535
-3.2452739525246765 -51.13150986799882
-3.244621696635585 -51.1420759032138
-3.651588057148121 -53.76456417859328
-3.5880217128920697 -50.29152666452127
-9.3786404210664 -66.53607183890836
-4.6970194345250835 -55.69783639749294
-9.79742134346811 -65.2694000228949
-9.504523215343967 -64.43825052366805
-13.188268787887765 -54.20618302076635
-9.605939046374212 -51.85937687989085
-9.843815591456435 -63.64080515567497
-3.174068748306161 -53.06992585112446
-2.8647524996723144 -52.85049503368907
-3.256467958584516 -53.22522363779651
-8.522035484641973 -54.59378877997805
-6.19178484903974 -57.77553295951863
-8.202935352856308 -55.488546187341086
-11.285189150566929 -55.45578128103259
-3.121684594895221 -53.224234075891566
-10.966414084461276 -58.96132798140397
-11.354975053748714 -55.44137114835524
-9.499871753691632 -64.02741419269591
-7.161411396357659 -60.014617198198295
-9.097471401052012 -59.49672775935445
-5.798346262100457 -57.50146248184526
-5.776780872368981 -56.60798940106097
-6.777378820202603 -56.72950237072603
-7.236721260865183 -56.648716852832074
-8.080567983351333 -51.46539610348631
-9.183613351203988 -65.49321535701891
-3.7287851683562563 -52.27466977614161
-3.746682833174583 -53.90340519044267
-9.657530084791812 -62.70910255015083
-11.258606047231561 -62.5367740809547
-12.627123383815377 -62.00674866123098
-13.92526207691549 -60.205039079955576
-7.580868254846494 -55.51323611440325
-3.7451076268406056 -55.558120323776095
-3.7710893747340415 -52.20313665891688
-3.8529145068814303 -52.20850716636914
-3.8392611666488397 -52.381965738555216
-3.9612611138632876 -50.925198432021716
-4.032519568633585 -51.06307763813511
-4.368062297575647 -50.76198070874436
-3.2442350033765077 -53.13394294848014
-12.10272957119172 -57.287516036084476
-10.945855707355557 -59.00174630121454
-10.748562591239178 -57.518852247162414
-3.528629935276012 -51.02002775376383
-3.4935867215906082 -53.69477200560561
-3.456027847448423 -53.552247548993115
-4.634974407087358 -55.765542114186424
-6.366293983389485 -53.276894596693886
-10.289314346583728 -53.71165986505918
-4.442582649140801 -54.79671988512331
-4.3746009093040925 -54.7907197859495
-10.510509545056209 -57.660627408705835
-3.931290829948054 -51.78524146773038
-4.095818442526655 -54.10267679837952
-4.099996238209144 -54.21578959518586
-3.9082421363786146 -52.051053471874035
-3.7426968281329533 -51.63744925982726
-3.90358859737136 -52.04126684837029
-3.8663373985458143 -50.76943716971135
-3.7130812438479075 -51.63240974366366
-4.105758792908247 -51.98483646460249
-4.0524216143168585 -51.0434450117149
-4.723000758675591 -55.65993992265059
-6.25594401970571 -52.914289521356395
-7.783635754689151 -55.033282316457445
-3.2075145437593604 -50.22585806053981
-9.315591554187908 -59.57876330721379
-9.579481290093863 -58.928705962981915
-3.522632918323188 -50.454895258109886
-2.087352761841866 -47.87551291967345
-4.65746604970194 -48.5414214329893
-10.195301714653032 -51.63846996754089
-4.059839170791346 -46.64415852972223
-9.482410486468225 -60.337233778343915
-5.79243195277644 -59.910497850748335
-7.1679449144975775 -57.286003465069264
-4.868112224265135 -46.86894802121196
-4.851459246674061 -46.8758262424517
-4.727328544953785 -49.11477229618183
-3.3228731750865657 -50.103846424140784
-4.016460266723954 -48.98742462239244
-3.031974337286673 -47.797870472589736
-5.7025095564905595 -46.12172094370098
-7.04858842420065 -59.61050079385215
-7.218719073249181 -59.6048173346953
-6.871561667961642 -59.66181718336928
-9.280823812532892 -61.15978282796243
-5.754189091366988 -46.26215935183254
-3.961025428431041 -50.961688922380944
-3.341175905792668 -50.73352738407334
-1.9202820141015429 -48.37265884836124
-2.460470210657051 -49.11806245594661
-2.9334845436658203 -49.565608099811904
-3.129916000645554 -50.41342205297902
-5.337617567557399 -44.726764856568124
-6.460631418051794 -60.035264143421756
-6.710702301364729 -60.123137863365606
-6.86293055064436 -59.13431334196654
-10.446650557574019 -64.40777415384137
-7.278807997283272 -60.62430366525146
-4.540153648058067 -46.29232103614108
-7.843608562345184 -61.76108627573481
-3.339000972733662 -50.54784457950929
-10.972934857125441 -61.111048678657525
-10.936956263208119 -59.10856711810306
-7.488843556804462 -64.48632703848848
-9.84073831098014 -64.78868594248885
-3.33367242647063 -50.66352304506343
-3.641921185480925 -47.46786594006857
-3.2870749317188737 -50.50523902099317
-3.2782149817499406 -50.376158394885344
-5.68146593702285 -45.10666149667721
-3.193685949862306 -50.29899885924963
-7.7556670908226755 -63.28877016833047
-6.936885253054025 -59.6996409048413
-6.645690723378331 -60.03675727571668
-2.4716298463927484 -49.139940665898784
-7.071565677669523 -59.427675881222925
-6.853485819819405 -59.22494932326667
-5.965787323132228 -56.47801705929257
-3.230315381125297 -48.794432950702564
-9.416743629207458 -64.24328084495635
-10.09793361064209 -63.530898932762334
-9.852090932508517 -64.8016385611533
-6.987144576230263 -62.95909920271221
-7.714165935145997 -61.49174673595764
-6.3731590545735335 -58.19866567355285
-3.2347036673904905 -51.255538742477185
-2.9607820688995967 -51.41489354913333
-6.8596712884182764 -59.63265199728449
-6.92964796535887 -59.88557145269813
-9.972233189398823 -64.29865650354758
-9.399409015361915 -64.46190197127896
-9.002386783162537 -63.953232290094576
-5.997386958197708 -45.42626594530069
-3.0810488435670296 -47.778840897999416
-9.755665833708306 -60.45653077353678
-11.352983759418091 -52.141030800590855
-4.791254275746602 -49.5131520841733
-2.5820760657082595 -47.94108429889751
-7.3825999037434995 -59.7167766393763
-2.515482377720689 -49.10448081543973
-7.107311356702923 -59.566478922412955
-3.095201668582827 -47.76419532237107
-2.3083138915517503 -48.0218225499508
-2.4086066197316804 -48.96475159365282
-2.475323303365221 -48.57329055297635
-3.088248902503721 -47.763646655519665
-3.456138111106718 -50.7455536747716
-9.580667183119155 -59.37365872640211
-10.363929489826367 -53.8602755251949
-3.111100383513601 -51.04211777206566
-3.0195946384774714 -51.31401831795395
-2.889892333074276 -51.435041658873175
-3.584293132318509 -50.36484608312079
-3.3545692919911057 -49.21360709003115
-9.675180330529667 -56.71457423083036
-6.2558128145876655 -58.028092810635655
-5.920856839735472 -53.3160027965535
-7.200676064058625 -60.07002522871076
-6.0667959727514695 -57.82971363316643
-3.690915629228167 -47.1893834557779
-3.777313167315461 -54.472303371012345
-8.912068036338335 -64.143575706263
-7.350015685848644 -60.19227833396315
-9.685607914654678 -57.05683203292139
-7.239990099700297 -60.629962769022484
-6.8153531721028955 -55.19310532512409
-11.390223142239387 -52.20547357303373
-9.889588579309834 -63.860585441709475
-3.2456150100958774 -50.419376952638075
-3.3687601586217535 -49.25758140208531
-3.169302693946908 -48.750428291354545
-6.715489050737658 -48.868494756781914
-8.230368892682947 -61.37608275848322
-9.076660771389173 -60.579729590541234
-9.528036549205675 -64.72508381762147
-9.480224000218579 -63.852090018673465
-7.024673616490376 -55.811518963880424
-9.520606357353216 -58.89793956511813
-7.3484387276710565 -55.08538599275715
-7.415919816019787 -55.36233927508816
-3.279067531401015 -50.29906849941192
-9.638317217938146 -63.833595234582205
-6.876614073856427 -59.19233338075524
-6.862937481157964 -59.26950833857664
-7.690710284348019 -61.066288434990774
-7.029420525527241 -56.973572928624
-12.013970318205711 -51.56473112260364
-12.59912289613193 -51.39094532458378
-13.012426426462156 -53.314175783740154
-11.90242126589927 -63.81839681108089
-8.363551948839621 -62.86888393225406
-9.502597648486988 -64.43411232224942
-5.673194292792678 -51.31054678300773
-6.30591705084523 -62.74960912691693
-14.501338500786193 -59.97021128902916
-9.852235705524407 -60.189184587818715
-5.975210840727658 -57.75663764296973
-9.251774469729584 -57.03782263216625
-9.323174718551511 -65.80356424284233
-9.961251059631508 -64.3042137687812
-10.080749642284944 -64.3391544428866
-9.824829942901033 -64.2377370545042
-11.730981477860698 -51.620589938154474
-12.061208749331646 -60.93652202823554
-9.639934523402117 -63.38262134895205
-10.775107284793224 -60.74162446301876
-9.704536276116514 -56.7532539428416
-9.756850805156827 -66.21928308448699
-9.724439432183193 -63.877935748076
-9.32299468040621 -65.53583535265822
-3.7388392221406392 -47.59646246411359
-3.730412528372231 -47.65673477451949
-9.271159529306935 -60.98502775310772
-9.561267129877859 -64.29947197140898
-10.80066900506376 -60.75201577188488
-6.85156766616929 -60.040832121357965
-8.009571693121362 -61.29695848585423
-8.673742622742298 -66.94779157688004
-12.370347911188322 -54.53028423538549
-9.351974953164413 -66.57018795925545
-8.933227950908154 -63.8755294079799
-8.920832841827597 -63.91926913536314
-8.77882888204694 -64.18425460088181
-9.777330966309774 -63.20317263371469
-9.647062571246444 -63.74619493585244
-9.189546162218363 -57.60379011690265
-4.701714801876473 -55.66981661574585
-10.75661922567144 -60.7229362888313
-10.235688144640292 -63.40676250752356
-4.6359841210614885 -55.73169728055477
-4.928605402681566 -55.81549768601101
-4.955580775901981 -56.2175206377169
