-6.395647085284464 -67.96319343940075
-9.912737290048529 -58.713933597797066
-13.05730911822673 -53.729594159388604
-13.019881491909773 -53.54309998627164
-13.677137951597585 -56.640659102828145
-13.901904931111932 -56.64663367025488
-7.825189651630228 -73.01906133201524
-6.3778501921115875 -67.95439977071766
-8.93931927707767 -68.82147058705591
-12.24768402643339 -57.106856668976974
-11.653817180818633 -57.03242702020365
-11.638114877470768 -57.026787840138205
-9.250389655376674 -60.87231979233525
-9.671096371198558 -66.5861118762106
-5.725656029553281 -53.6067539144497
-6.417849441897849 -55.70015096809237
-9.324323568739011 -65.4647251412357
-8.556731199469539 -63.87847124794879
-7.930386855719051 -72.85025130961003
-7.996033624395041 -72.43794279229591
-13.044168473611228 -60.490539305868346
-13.230450015967769 -59.932917922425
-10.176901037107692 -61.938119920455776
-10.282339068597848 -61.90285391072102
-10.133466504208226 -64.68588207824916
-10.14603830037407 -64.67859905241376
-9.22117751112957 -68.21947611739094
-12.788980563331398 -56.95108299754914
-9.180888685095741 -65.57046935537164
-5.6947340783143 -51.569317541495714
-5.883299892983106 -51.29134773808784
-5.925851777484981 -51.39103279348766
-9.877982142513751 -50.49005580390507
-9.868729887550197 -50.5469277055094
-9.868322675507885 -50.512417367140486
-9.884973013410704 -50.54311082631196
-5.749080807946912 -53.539270661971194
-9.71491942061512 -64.43892981820828
-8.939679564204758 -64.14092356852632
-9.028317480047727 -65.95571427936441
-8.559709459672517 -67.13383543157197
-9.32695328700065 -65.52830791695136
-9.348640460904953 -65.52837586026759
-9.84408539768248 -63.81175207334962
-9.36752312940517 -67.44546299216906
-9.705499438746578 -65.88058127622308
-7.228173159251656 -59.93115589020361
-11.869841545674353 -54.86302721981864
-8.004166647983006 -61.401197919856024
-10.077154283230053 -64.76728707670144
-10.012474787433554 -64.95959438276174
-9.898926800766692 -63.74235251277335
-10.041820432029525 -64.6662136458963
-10.023927099390185 -64.32817253162773
-9.825705811701843 -65.20436673217819
-9.128753097567516 -66.04685663370165
-9.517976275106308 -66.5829530900756
-9.525272388499895 -67.41322677599845
-9.726984897076855 -66.47217341774255
-9.517229050790089 -66.63561937862602
-9.676843125672264 -64.1324712426242
-9.769780415317038 -64.16187558274287
-9.83736214897216 -63.81165089643726
-9.90693089443929 -65.10462549976194
-5.831805939547092 -51.111239693991195
-9.735592673246678 -64.04393004654511
-9.712588152071044 -64.14006578635463
-9.897953778261073 -63.75946335413405
-10.025949296053794 -64.31647662960607
-9.722156334162213 -66.55689672892449
-5.5170855640069965 -50.49012753860766
-9.005701760377436 -51.49738165056504
-8.941792908626589 -68.66003122695018
-3.7601398644291324 -52.62296288866867
-3.0480737607583355 -53.4050158410041
-8.93854806959353 -69.07195128991945
-6.337395403185522 -53.55134082097953
-8.101869613599609 -70.22991261767505
-6.455684541660564 -53.21109479876981
-9.275298199224753 -67.86930339375026
-9.344750681400804 -67.87272128857322
-9.234334076892008 -68.86285920824662
-5.102024281200419 -44.22799317171426
-8.001635601865866 -70.18112980655033
-9.153225164354271 -67.81939729159198
-6.787780848771841 -50.98915721312124
-8.790754554118855 -69.53402469466917
-8.636855390867838 -69.72349535837408
-5.592670025119488 -51.59902294219559
-5.321379668776326 -50.17153812692798
-11.930835507855969 -63.842871644414025
-8.157750233008462 -62.86791787546444
-9.121179816107707 -66.03637656250964
-9.138767511753366 -66.05616790431384
-8.215107415678737 -61.3903687049592
-9.218877680597549 -59.63650106502019
-9.23041563018604 -65.54551334519583
-9.114599121543355 -65.53264145414398
-9.409164718113722 -63.69096170814151
-9.454419589185655 -63.73724119345723
-10.230484621491211 -61.93055040291562
-10.209127764016758 -61.9058569934704
-8.264569490868979 -55.378660627351856
-10.683161191484995 -68.42882185409532
-12.227476955612858 -57.43850602559108
-9.838048696021213 -64.7556892221714
-6.49609181643139 -51.644697127110426
-4.773251116145545 -55.74275391690582
-9.322614280463753 -65.79124890792359
-4.025082576065067 -50.89125958232542
-4.835380377912682 -56.23594616023886
-4.963589234837831 -56.01937098002318
-4.002928551973065 -55.38303129941878
-9.446176711208375 -64.55122596113347
-9.375989577714456 -61.13239368868509
-4.7483386326920085 -55.80365390396481
-6.600963871667793 -53.54042754867203
-6.333576978623596 -52.48327295757427
-6.943815257290268 -51.79050586173948
-9.15848830330505 -57.58398109498358
-3.4305631305039523 -53.2844598164851
-2.2843918497826623 -60.28665417607822
-4.6631438494595026 -56.05596480282831
-7.0275949027234965 -59.752917196045
-10.355649509271752 -56.2836450022209
1.032300849256845 -60.53870302542386
-11.654408387733634 -57.024881861370105
0.6469753802491144 -59.61219160918459
-6.462229273348485 -53.21124928328456
-6.637331613946089 -55.02317503163365
-2.090079044897473 -59.320477365173176
-4.318688678546473 -54.685905832087826
-9.250343125918468 -60.631692641993254
-9.082263046594178 -61.92776681455896
-7.909956426700815 -61.47045849579366
-7.398513629218328 -59.98564612343654
-7.399971457997196 -59.73957559871811
-7.341299268806931 -59.87052724881785
-12.722023363690472 -57.01087708793812
-9.215784896962585 -61.54669733327474
-9.362775526382398 -59.03487182260601
-12.250503888706202 -58.19498490538842
-11.832929926488994 -57.94777285146761
-11.827895346232122 -57.91604132304798
-11.793045257874951 -57.375264817571875
-10.385907067781227 -64.70334090170469
-12.272220103366307 -58.19107716534966
-8.271624983340153 -50.91687637388603
-8.518887015427405 -63.49648965784565
-9.997447398485305 -64.3367935528027
-3.7239313634469666 -50.154638901689374
-12.356005202448433 -57.86321652609633
-9.893077224312668 -67.69926796567516
-10.581623159288897 -57.5669102786005
-10.82730375465916 -69.6590293559421
-14.485941366492114 -59.97375626635683
-8.970713704320927 -66.15119285476595
-9.073817736854128 -66.12473447536891
-7.7392508249501235 -66.91032300699068
-6.190312454367189 -55.57436945240807
-9.351897107447682 -59.79690504468015
-9.298567851856497 -59.80056353373412
-9.287363250777261 -59.80382868497496
-9.36774996131104 -59.52369504111209
-10.463872900226722 -61.33901294189231
-10.552301867165408 -61.23822071328749
-10.574068859974922 -61.24132984906734
-10.571008842881918 -61.21513036766137
-10.38141858453424 -58.942275970674395
-8.32037342007218 -55.18589700866901
-1.710383331896711 -60.38890661217175
-8.992800247934156 -63.95389091885172
-5.835035228076718 -51.14616595483351
-8.517304908319755 -54.98992303730915
-5.77240522320052 -51.4322354162603
-13.25612610182035 -53.86622811729232
-9.174363630770227 -61.70605107393934
-7.622457570620757 -56.68178586643321
-11.90375227448606 -56.90862917174513
-9.303176435309902 -51.56060474561901
-9.861513008986549 -60.19673990546088
-7.190314679245051 -59.58333072549072
-6.782557092076848 -60.008803424574566
-3.683407000626846 -51.57247874626809
-3.8420366730388533 -51.29654552753955
-9.203444813917436 -68.67722938641384
-9.829619468078691 -64.9399558167786
-9.26755126381965 -56.98254514430556
-9.33375800261362 -57.31368082052012
-9.336529886216221 -57.302060825093484
-9.32506715446183 -57.23105318685554
-9.18487968059611 -57.57610648943385
-9.16467112872759 -57.57756462908792
-15.462682277536038 -57.632464695711455
-9.386237768732661 -61.12674028037393
-9.833057027678645 -63.79343505281331
-11.531846334441035 -54.469320661822614
-9.53352699957025 -51.991286184398575
-6.600176886055056 -53.53402562439857
-13.677560344105514 -56.66140936522487
-8.352580564247097 -70.54002429037756
-7.48405316291036 -64.47887390394764
-4.059154839668251 -47.143066447464236
-7.382037905561087 -59.72301301578029
-8.664574254179485 -66.59934886656805
-8.6555285869811 -66.63979436400416
-9.130160808573788 -66.04145927598171
-10.933012024931264 -54.09328912503748
-7.257262208467597 -60.62249990480518
-13.452528384029993 -60.937327901152884
-11.965552468331879 -63.612498370214205
-9.169397009101738 -57.55108345600187
-9.169478554015418 -57.625447187515896
-9.44704521635484 -57.08545690511676
-9.05686708723787 -51.526056577305035
-8.633156706774116 -54.92034887411115
-8.555474447375522 -55.20475608429246
-7.923643272809036 -72.43262624577112
-10.486261930107725 -69.03388988150257
-11.042878279827269 -61.42180935960668
-13.671333132434219 -60.674090618550636
-10.22438452300867 -61.97664792146875
-11.268756218726349 -55.79312367756336
-12.80281484196357 -54.88123021928087
-10.727101123779923 -69.26417136805487
-13.25497922075984 -53.85287889190175
-11.861139314948277 -56.414545630474585
0.41099101343167166 -60.39640055564368
-3.4742531479733185 -50.71149741861675
-9.375605181239377 -64.4559619954698
-7.553424559502891 -56.77854762901244
-7.9928541339355625 -61.44071315515086
-7.639842971516474 -56.80031941867051
-5.832374628896767 -53.63893132988016
-7.699387591373544 -56.74074458822562
-7.62589951226253 -56.63165241502644
-7.88811962604723 -56.56454701650326
-4.38366150974317 -55.193703015443425
-9.52726455254927 -57.4471666394497
-9.455756634193834 -64.43497652425438
-4.26615189358038 -54.75791164937313
-9.010626686177394 -64.36094710754767
-9.872972638110696 -60.229118589543674
-9.840291332527759 -60.7156159862647
-9.245722738740257 -60.81819638668318
-9.387203381772963 -67.89504265795944
-9.529788927754955 -66.11655022987969
-5.047806615203611 -44.065075116104126
-7.891898062577108 -72.87241570220618
-6.833183131819629 -60.05146009525911
-6.134922297953801 -59.899813608141805
-12.713500720459862 -57.008291697709154
-10.716223523660776 -57.57397655616203
-6.927515003090331 -63.13378454248375
-6.876531552323548 -63.1058545965979
-7.315726923210928 -56.75460639330207
-6.2269899932458 -53.260668265561435
-6.297107623698764 -53.88013000602845
-9.275839333777576 -60.96672220466173
-12.716762495971507 -57.01596814292776
-9.423219417243262 -67.39750712102075
-9.754842119375958 -55.38152476826189
-8.66577777709316 -50.78452195806612
-9.172464560432337 -51.53391547144422
-10.883002469320706 -56.37764828688072
-6.253722775780287 -52.21321821957464
-6.095922511375002 -51.21941303612277
-8.225339724132004 -61.36877471895953
-9.19737126793017 -65.56252269251884
-9.178616722432583 -65.48636534862699
-9.174205657509084 -65.57431840123238
-8.149495085226784 -61.484744690972065
-7.979665166047252 -61.23165343092874
-7.563014255102737 -60.77828027442477
-9.864103195086917 -64.78302729019805
-7.809449386330256 -71.96623967586488
-9.724857996330362 -59.05515508907684
-11.30761754012523 -54.863039749471845
-9.542203143811134 -65.47643451991458
-9.444520394779454 -65.48401852112151
-8.525298521094207 -63.91371954285653
-12.090968374544119 -57.26891414738481
-8.43978449540706 -70.72421663472907
-8.287994848277254 -70.92583502882411
-10.207582216261502 -67.42666079295893
-9.383438943427313 -59.6631520637453
-4.169671635541626 -48.58778872898414
-12.711847563903774 -57.001503515102804
-6.152314672178449 -53.164377098682905
-11.080515536025725 -53.858899123482914
-8.003546217305207 -72.43597980269271
-9.034716467149702 -65.96311429334051
-11.437776598238063 -54.8692830455115
-8.655540924470124 -63.05194559867964
-9.380433085492786 -61.1264293797264
-10.271473461877124 -67.85594187210651
-8.531226571164272 -67.12623194265284
-7.491601217835639 -64.29274835101417
-7.893130711159098 -56.57092643360376
-8.041575344489937 -70.82154953395757
-9.263956399374525 -67.93322228692861
-6.870344228434722 -50.57413619808347
-12.13769446507546 -64.27118350733083
-11.811810496190866 -57.9214216233517
-11.806223621876288 -57.94523910542255
-6.702817934996076 -50.91019027288172
-8.951772170306562 -69.02801819521713
-8.941277336833533 -64.12341968652981
-9.301619667797807 -51.545385848210074
-12.261918222863743 -60.31309897131574
-14.492983760170132 -59.65335191018852
-9.960555652669381 -59.97997799417916
-9.787313613907843 -65.22763664081927
-11.893306696751871 -56.18444636362976
-12.714136211094704 -54.9404840705041
-11.639329009975127 -57.04488348845992
-12.583084535544302 -55.18566498689381
-11.07065098646956 -59.112493769591886
-10.458515380025222 -67.81954918597162
-6.576034164701624 -55.12567441808549
-10.02093955562168 -68.22589624187016
-10.529913527294385 -67.79706304150115
-10.298578428350398 -67.84708379058031
-10.132078267424658 -67.81193999779244
-9.704116166988788 -64.14546994029742
-9.345135645702154 -68.66488793942922
-9.966122748460304 -64.92236630296891
-9.720924523961447 -68.3033840089568
-9.313096163406396 -68.06045362159426
-9.84453033189363 -68.3574265813075
-7.833805563010204 -73.06092592203257
-8.181345954084064 -57.17544422794209
-8.522110823170637 -55.0084665707166
-6.335908809775533 -53.51325635467908
-6.338604743228278 -53.569907366708755
-12.259686238832433 -60.770998980003114
-9.864719138008706 -59.86274317212855
-9.208589437018748 -65.50550036178306
-8.03363194866438 -72.3884459373125
-10.245303177749147 -53.80305273794844
-5.775155581367247 -59.91595803616124
-10.223647006564134 -61.95157713971444
-9.064614129639871 -67.81213829053458
-10.408804905850172 -64.5419446146212
-9.419179802663402 -68.66931141871078
-9.809728697119754 -64.81118079171601
-8.889748883478765 -62.57653409261775
-6.828916059293785 -59.78992375854734
-12.262193000988068 -58.19856432896259
-12.133956373336023 -59.884698173348504
-9.692646449397252 -54.48476356065212
-7.326960194201254 -56.61310548416007
-10.443437584867192 -57.802564387199325
-9.814552030044318 -63.81756641264304
-8.820826581153636 -62.994836340619095
-9.898698787723744 -64.8175853772426
-9.885067032534817 -64.80323054131009
-8.62534090187077 -63.20651400223891
-9.393987912993845 -67.79651858671716
-11.661327659525258 -57.0219943076242
-3.44669681443452 -50.734241935781355
-9.299153985263215 -68.35843115689893
-11.35767625455822 -55.12001668932999
-10.474151430351062 -57.78597810998998
-10.114917779869323 -64.74472999546147
-8.721510534301617 -69.23174943528947
-9.200499058517714 -65.37339283204723
-9.180015142288177 -68.08053683530358
-9.271078117720828 -67.94425009369766
-6.3293559655733755 -53.57685468428153
-6.528997806534371 -59.48689311958742
-6.58930978371759 -60.06388505995933
-9.307973926281502 -60.584237813986945
-7.981317835229886 -61.200669271303255
-6.6906132200394515 -52.367467927642814
-9.106963862366195 -51.52072164426979
-7.943116305391235 -61.76643782681547
1.7190768029546115 -60.72849262153333
-5.917969877920602 -51.57724530035372
-9.39050994232263 -67.46539391522388
-8.678981372788998 -62.95718181687261
-10.09539949008591 -64.7345282801567
-6.596813789096553 -51.81517516044318
-7.3224583797372915 -59.75840335099106
-10.711904914822187 -68.75228433947736
-9.015162255211772 -58.877430506071725
-5.658249700537933 -50.16906052612869
-6.7700255159450915 -54.98010672426716
-6.968015112186018 -52.190823202598196
-7.759599471053759 -56.43566107583492
-8.12745104543684 -61.47489408995753
-10.410738102118225 -57.22924882307894
-12.796338925966916 -54.889313657602564
0.6951135296860633 -59.543088785821524
0.6267379469813589 -59.66414494859777
-12.075010642754272 -54.74467615525363
-4.859140525454053 -55.901869464503044
-8.809437314855979 -62.59577635168568
0.951379496662187 -59.446288532572
-9.857333166725633 -64.18226954729704
-9.227636394897527 -68.08054811108624
-9.213832590737738 -68.12097256042512
-10.226068773045355 -52.70496989132123
-8.886713503021863 -50.88916557834417
-13.242301933551303 -53.851613511872785
-9.205821831514314 -68.23844320408358
-8.907394240506497 -50.88347141038802
-10.174119357886116 -67.93937230252028
-8.342540424830407 -62.896625367610795
-8.587283856042468 -67.45328072360437
-9.399377605780447 -63.69378369018808
-9.229267782614013 -68.05247625311915
-10.849646277591543 -68.91467407702878
-8.634809098044421 -66.61453694317117
-9.408049742481895 -63.68286560586771
-14.295310892453523 -60.12745759286432
-8.625222105028417 -63.01072317923027
-8.678782211384476 -62.972457400264105
-8.69533632887799 -62.988630968031494
-4.487020385374739 -55.64139077331051
-9.110085179975474 -61.14263673846976
-10.311695845214206 -57.7681906729784
-8.627644659766123 -63.049359066640996
-8.053800971112926 -61.513266465481486
-9.178496399555252 -59.39847666773742
-5.492345695248502 -51.08089950509766
-5.501466896104132 -50.99243569548804
-7.997465415380954 -61.70678153132596
-9.041944698462332 -65.97656041397185
-8.88146734847276 -62.542941660745115
-9.4308642353306 -65.48310437787826
-8.942386315408514 -64.42197084891573
-8.219457728707495 -61.36259583312681
-8.808065150758686 -69.17819764009016
-6.649694699526197 -60.043892773413134
-6.6810904117851555 -60.030829386224106
-9.49661952567149 -58.89504435442489
-10.94140602625313 -61.41589405072812
-11.078819872267648 -61.42147428100489
-12.612136504146692 -60.8745668558444
-8.18065024995684 -62.8590715786511
-9.075528473307296 -51.38255443299548
-11.820989059600553 -56.11563617402355
-10.360510965715987 -67.7599913253865
-4.142551788214014 -48.96650036760677
-12.813416666841539 -54.871186554755255
-7.974970916266927 -55.13935582558858
-3.5969436003885584 -54.50045910181377
-7.967631330963391 -55.124096365692694
-11.783938939671957 -57.365348073915285
-10.243096980715572 -52.69567683944642
-5.11761162307567 -50.97756222378704
-4.607902855673307 -55.91022076675307
-7.765426902798529 -72.23729892504824
-12.252079740779237 -57.11745245556307
-11.482914004012345 -54.42678579294293
-6.2755232778715 -53.93710167672902
-9.421786310422457 -57.47982661945089
-8.75891979261042 -68.96224920568363
-10.72773781258725 -68.75836833344441
-9.966572470108225 -63.81395057141426
-9.554361057995207 -66.69186780356421
-8.62510271901746 -66.97906660387534
-8.360734683493854 -70.31721845654135
-8.886592899916376 -69.4564377014967
-11.255880991292196 -60.83987754220047
-10.8509819582031 -53.77130634841347
-12.721270823039008 -57.00037820138241
-8.527796452741022 -55.01224062762671
-12.796820142211734 -56.95681251701046
-11.306391105279795 -55.48844304219752
-10.997003863833324 -54.07392032337686
-11.293942304517014 -52.82687023142093
-5.921295388040103 -53.43237525230964
-9.153721324210467 -51.50545340842859
-6.929923059527375 -52.82270475365208
-11.374657181783332 -55.43426602031998
-6.789680478791703 -50.99829439211962
-11.37425523632577 -55.56488644362821
-10.245119415186558 -52.73539421804222
-10.475412980208025 -57.76937799322367
-11.731025990037297 -55.16672208947912
-11.834371264899639 -54.8588515502272
-11.820886687494417 -55.08402037271573
-12.069116288018941 -54.73960609811059
-11.645946676527574 -57.02882593412608
-4.362632491957949 -48.60177352489587
-4.198226544195545 -48.42475494439534
-7.122371916848173 -57.34444234934771
-7.162609768085992 -57.12466519916711
-9.561327687284118 -64.08415834790073
-6.207505812823714 -55.537254403285154
-9.696538560504296 -64.43277984090257
-7.142139347818349 -57.291907542938695
-9.706158608188586 -66.2162737266926
-9.322661581378478 -65.7965750420716
-9.801666678625084 -57.13524628414216
-8.669915634466074 -62.994003327353155
-7.528827459881846 -61.52431110667982
-9.146365948749438 -65.57523880512623
-9.137862503416939 -65.38945147722771
-9.891871071467648 -67.11932940797729
-2.4849683449881437 -60.11112069974027
-2.255265938185656 -60.05942985519404
-8.308274071270253 -70.82954258202612
-8.257008129494055 -70.83676720034995
-7.903374044752306 -72.93150173001055
-8.292882135042603 -70.87254224859043
-10.471931808947108 -67.82840180496254
-10.518196714580622 -67.79451006669488
-10.540910158007463 -67.79367846479164
-9.977832145528142 -67.04740357820474
-10.153264330165543 -64.67515585326728
-12.168927057097026 -60.824472654837734
-12.130036220318754 -60.72722467906314
-12.241323022252562 -60.733700576791286
-12.050144587468425 -61.19390250209945
-12.029183781461443 -63.84639582022186
-12.411811434522045 -61.7604120795095
-12.343380849590847 -61.58952270844596
-13.062061278627766 -60.20354000528049
-12.152828889894291 -63.89548511376985
-10.242427276629682 -67.84661279227879
-9.479943133139436 -57.66407274817545
-10.129894787152526 -69.01406502120821
-10.1242528156591 -67.89285851869168
-9.995616751466375 -57.67783855977002
-9.88765429883394 -50.52466125988308
-15.428450755711468 -57.455314250833474
-5.793719457739146 -51.42722524573208
-5.772311112869165 -51.5653613340579
