-10.412112807173889 -64.53661900349906
-9.885027107659775 -64.68283105496924
-10.32635916219152 -64.83596130011564
-8.779441626785013 -63.23495320615149
-8.568933301493578 -63.39459187512837
-10.358677147021469 -64.41447431050652
-10.393383641251749 -64.48587423679403
-9.776065903239624 -64.65115681478201
-7.715997140501356 -61.29067064705035
-7.82573825674114 -61.558667820045436
-10.22710624930641 -61.92229124190985
-10.278992861314538 -61.931853037036596
-7.829558004501189 -61.48473222960376
-7.98372618152587 -61.20673079577683
-7.921200668391765 -61.76773260472183
-7.5566462745428495 -61.401457999106384
-10.146912858662565 -64.88543177808118
-7.664345168621074 -61.24302041979582
-7.6792748062140666 -61.33390344683014
-8.245763012116756 -62.991800842192596
-7.601520426704514 -61.18732072233602
-9.645653859278214 -63.61995810504564
-9.61914780792157 -64.28734631203484
-9.538462553329346 -64.23759648678819
-9.678959643222832 -61.863196233400444
-10.35695573729532 -64.59519586516541
-10.687247033139052 -64.1493253080503
-10.677825799767671 -64.12602346070734
-10.468668420867683 -63.34901317923275
-10.62924268385585 -63.6645710410606
-10.651310522460744 -61.341986460710096
-10.65229683012667 -61.3306310243633
-11.231717509786224 -59.15791678828552
-12.370509269988878 -60.80851473900191
-12.052655852838607 -61.18773746617824
-9.489133769935274 -64.31186221669947
-9.924077038500485 -63.63403767782323
-9.900581728766351 -63.6377089397886
-9.903920414275381 -63.64814218490618
-9.87461239231939 -62.919155228014496
-9.9350975845046 -63.53915178666985
-6.983473216940142 -62.99343790159091
-7.030163304210066 -62.93225974183096
-6.851574510593658 -63.03206731358384
-7.5524291149720595 -63.39256593597757
-7.70467331730933 -63.310885345809716
-7.625499791038881 -63.32221321743606
-12.891118818093691 -62.21584282739572
-12.891955442681216 -62.20734330336191
-12.8552208077912 -61.94712761276555
-11.896811746368108 -59.43843679260895
-10.134569342182333 -67.21840709910576
-8.524084198374824 -67.13936501121186
-11.21056168741599 -59.20587031877032
-9.065486980965465 -61.89037119507451
-11.020827278568532 -59.01743729124378
-12.73727903548447 -62.10684852019679
-10.94049365223442 -59.03617320310962
-10.978977325571618 -59.18479447614537
-11.475830100681167 -61.88086743142288
-9.580239780379864 -66.40620262772048
-9.41944863673103 -66.64848700456994
-9.181062130639576 -59.483812351984795
-8.643871361791932 -66.95745417789782
-9.403317829427863 -59.465042824913894
-9.222085077563989 -59.07035818331002
-9.31722068829082 -60.140792805221245
-9.080179379592657 -67.2315259077349
-11.303340059417708 -59.13333796996334
-11.524321400101014 -54.47077635197074
-5.60166896957765 -49.53099662853236
-11.460285232746417 -54.46198439888452
-5.150845469397752 -49.79581260171989
-13.728071547300837 -51.009915020786174
-1.996078554324626 -59.74471641245859
-1.8261408011838005 -59.90549478381859
-1.6710544799184637 -60.11011307027966
-3.9552421898896277 -60.52801674394324
-9.069105817442379 -61.68985856386512
-8.825604622633673 -66.74432867197584
-10.198791924571799 -67.95009457605553
-9.475353738826326 -65.48284202170154
-10.161224421715307 -65.14920656577694
-7.528279524134609 -61.510295967358914
-10.091311029720188 -64.7537489578752
-10.107643882656284 -64.74350143474932
-9.74801116357829 -64.53207993654573
-10.396638437194774 -64.50305464201153
-10.117655798951485 -64.49906026965775
-9.380231245412888 -64.42005371750304
-9.533101437218054 -64.4273683127078
-9.065994062299577 -60.45895153259491
-9.06892294657115 -60.44830300630928
-9.042070306205904 -60.51929055301969
-9.065925264205406 -60.58924640168913
-9.100153754076121 -59.514806946161976
-9.873452467137998 -60.136615277257015
-9.88519720243337 -60.240412649077015
-9.845075656160258 -60.744268782350645
-9.845305478442931 -60.76309301448164
-10.065091953895072 -62.46654151020069
-9.236761756089484 -65.53831911273747
-9.19422102988134 -65.5448148046031
-9.211220165653394 -59.489591552288225
-9.08360333005053 -62.43781710150221
-9.225713408751705 -59.62216046047033
-9.727528561300398 -59.058927673557626
-9.071295585855236 -62.62792839922373
-9.72065667059817 -60.69346330045043
-9.14052134382451 -62.298736649879736
-9.255908866222871 -59.61037917093359
-9.269643491929658 -60.967024693246415
-8.975023139249549 -62.49886637015835
-8.754050165491972 -63.01465838510414
-11.888520927048562 -56.40163312921205
-9.120660152261888 -61.452175752193746
-9.119587322477262 -61.41683549502753
-9.114547157678253 -61.02099879653734
-9.070262199627765 -62.35621201400556
-6.929280677213349 -52.44787110347996
-5.196698827390064 -60.10211980150615
-1.63022166483709 -60.249138551700234
-14.181251215503696 -57.14104813107049
-10.573569579012496 -68.49367586081281
-11.04290350208655 -58.97760641838625
-12.438871681841466 -64.0439964723199
-7.601410080414119 -60.869932424865546
-8.968951559193362 -67.04119255002878
-7.050146833087873 -59.318709169340174
-8.936272022938322 -62.43495805849666
-6.050600649843006 -59.94127348928632
-9.169799056756727 -67.01393607485679
-9.280837690317712 -67.56933281700908
-7.060863314686517 -59.24541603521474
-7.548087799371622 -61.38334148258105
-9.18720827755 -59.54652963953933
-9.158354263670901 -59.61754426051889
-7.550177837965465 -61.36465550348471
-7.554656764516854 -61.37511556878902
-9.0153804455026 -60.616851918640634
-9.174403152452122 -67.95509093112253
-9.034504746553706 -67.49539064745052
-8.984672597269618 -67.3673598618486
-2.9801248215680305 -52.616114832779154
-2.829344754633539 -51.84436703806123
-9.115773354084563 -65.56109028265875
-8.372933031297078 -70.23231061483821
-10.462092414357874 -67.7438514249685
-9.735863349411831 -63.65788009299785
-8.843592595462843 -69.3367666897912
-2.987443711914156 -51.60207081153823
-10.030972882861535 -64.89245218368158
-9.40951542055057 -63.72528219159402
-8.676237405878075 -66.95525974928445
-9.172528055288451 -67.03384127528247
-9.607235082930101 -68.68989725754105
-10.170991468945413 -68.61468833466917
-8.086650904322724 -70.21853653555974
-9.052287529254661 -61.01075933093709
-9.268445718158938 -65.4785794614509
-10.588815609878713 -68.58548843229804
-10.639129578853483 -68.3973131826861
-8.702378346052766 -63.20836854284329
-2.829970453776864 -52.96071191543831
-2.7824008569594327 -52.947963200715975
-8.904941190516055 -67.38092330603635
-9.405753999689527 -66.65227768444801
-9.163335875593146 -62.26807075012805
-8.988049002754801 -62.494892953535405
-9.256133578006507 -65.51903703958978
-9.138067176773271 -62.28531487497434
-9.296180974129964 -65.34129170673857
-9.116550989383953 -65.38205758986648
-10.817008183866497 -69.18998979331725
-10.551502326481762 -68.48142415300384
-10.412960413846973 -67.85879451360823
-8.624157664213062 -63.115604748300285
-8.821241279974101 -63.01397606008059
-9.1149627829107 -61.30691778445669
-9.258526432224983 -60.79573249900396
-9.300381962373248 -62.348298235126826
-8.59154686837124 -63.49289243246036
-8.313006469706762 -62.77751418149417
-8.313633216335587 -62.79201819311701
-8.848523345770795 -62.99292668205593
-8.71431694963971 -63.03900227660656
-8.655401514768476 -63.048211843894755
-9.226151553417937 -65.51581316481321
-9.125946145617146 -62.39426014962125
-11.538414635466479 -55.55220112957338
-11.119249031570266 -52.28436468151452
-10.836460611830566 -68.20913476515179
-10.113390454523266 -67.99955512473034
-9.557239499553017 -63.282487618126424
-9.47313089514755 -63.70544604293962
-9.594451806656837 -63.27416126967934
-9.45154559245139 -63.13532727775929
-8.554450173488178 -63.259963604242984
-9.116733406913944 -62.467503208972396
-9.099035002256437 -62.436697085030886
-9.386332859114235 -59.795161623294184
-9.229024205144368 -59.53371496394996
-8.632137732702882 -63.336689135857625
-8.658506476804304 -63.474765208026234
-9.437424396694595 -68.18483894378394
-9.339334228628012 -67.67726602270426
-9.474014272894042 -66.74343666392663
-8.662251227261109 -63.4242940345379
-9.197548837647451 -62.46914885356913
-8.56336903678552 -63.14820456875153
-8.585831622746442 -63.052705952076344
-8.428334966384847 -62.72295748943862
-8.696884731037118 -63.13031170868861
-14.28005203487343 -60.17143249527744
-9.352200827661935 -59.45139076901778
-10.136859031962555 -58.18853748751627
-10.085049085362384 -57.925861338786504
-9.100913350800463 -67.23373103994807
-9.75933559934777 -58.645749568166565
-11.348075392063052 -61.89636218737046
-9.91110961280195 -59.772000045515234
-9.292691446320495 -59.75957610050034
-9.145462184371539 -66.97913233802856
-9.801665867397928 -64.71947400482577
-12.882455930015508 -62.19688560437492
-12.873282906720968 -62.19956735519454
-8.65870027736831 -66.6020959213877
-8.52740091625439 -63.379072707911575
-12.67705236176179 -62.1223456637792
-11.597789853853456 -55.54638347312556
-9.169656538822654 -65.97505631637337
-9.200664686728285 -65.35652821162877
-11.790911904337362 -57.10129737029502
-10.04074398309618 -64.36008271219077
-9.07302024764191 -61.38049872875457
-9.2547982447319 -65.52366825510539
-8.995743691651015 -61.590669344118716
-11.942511309432247 -56.64601452223971
-8.780179376416262 -66.80313686215754
-10.103357424797005 -64.396033970461
-6.753646557631368 -60.032446145546565
-9.167099065089282 -59.49642760344617
-9.1579867383428 -59.502451433336866
-6.072598667873443 -53.26595576419663
-12.02701195378761 -56.5788715454988
-10.656661145409949 -61.355202230709075
-5.828752642195204 -53.642388846784755
-6.771924114697537 -52.89779265780988
-8.82467220723954 -66.76617516677415
-8.90849272646683 -66.90679736598466
-8.973772476158812 -67.34416671584636
-9.516673186718405 -66.12241216962603
-9.830384555875945 -64.20323233225244
-9.978841813994375 -64.34782105822543
-9.956498296620802 -64.76621205201289
-10.716596337189065 -63.54495702755681
-8.25811556818573 -62.93935851798352
-7.055982654193464 -59.48625101197678
-2.803896633382908 -52.90763445735799
-12.404055961935898 -54.70508778695298
-8.25784237397018 -62.88622504961782
-8.33179417141191 -62.83486977240512
-8.674427255704511 -63.09886648108692
-9.466580205684405 -63.377118677077746
-9.912819988874622 -63.64592378311417
-9.788476819676712 -63.713558432905295
-8.690630901579166 -63.034827638431025
-8.804424804339035 -63.00964207334289
-9.140242974835914 -62.27405086539956
-8.130564290758992 -62.885489439389495
-9.864744162514699 -63.57979873106157
-9.921493019784076 -63.784708170347585
-12.37054343402982 -61.62174098025737
-10.241966521100673 -59.118813959734496
-11.457511038656435 -55.43189209629865
-11.51915525972558 -55.41760334244001
-11.514978652344487 -55.56386594044669
-10.094709289552052 -57.964348496414864
-8.115340263516655 -62.881502427089146
-8.599468863608756 -63.260054068513874
-8.603002606497926 -63.15915755167633
-8.560106942743658 -63.404825408550515
-12.349349570462469 -54.55018504307838
-10.235677553151788 -59.12280957816521
-11.888157343420621 -56.182234709969826
-8.875017966468974 -62.5461432413988
-1.473433794688941 -55.39243450791779
-1.6003497761816807 -54.47761373920824
-2.3941241918758096 -57.87892143756653
-12.405009503212979 -54.47628102958975
-11.504259441406683 -55.55886813523074
-9.220032022561483 -62.48286736145048
-11.777102117786248 -57.102263708390666
-12.237049504072813 -57.12125055077603
-9.16326708805557 -61.47622505917474
-8.714077363929178 -63.30901503961044
-1.5098132919548293 -60.29320686904107
-1.5589314628923154 -60.21720956785228
-8.004816464431581 -70.16177626209716
-8.070862596216436 -70.19205998008363
-9.24913998601197 -66.98380562611852
-8.585205819942779 -63.35190002244505
-11.341679942324571 -55.52943957626664
-8.135990135770154 -70.16994376792655
-10.22671876728188 -58.66620082203985
-9.855282972089471 -58.31895477813627
-10.2026073561613 -63.61419578234705
-10.040629210911215 -64.89927149374572
-10.173947351611613 -58.16809570637554
-2.3003893788233696 -57.98464843586682
-10.033976356141794 -58.046759398922035
-9.293410682780111 -59.03056584212208
-9.847812057398562 -59.955693693936254
-10.160183516639158 -58.18061228766158
-10.190950694796383 -58.165379623149875
-9.801404936681834 -64.24333979647702
-10.255385729353888 -64.4869588521405
-10.147760176718563 -65.00256497466367
-9.251450825518814 -65.82089730687927
-6.9001472297143165 -59.44757566405521
-6.902450398394502 -59.4243527881332
-6.980656305474882 -59.31718139219904
-9.16386405530821 -67.01733613812688
-7.045792275949018 -59.69243832899221
-6.991387311918702 -59.835234703565526
-6.891150361963966 -60.0859449379623
-10.008004746945588 -64.89975005611613
-9.935033515382884 -64.97005917102538
-9.968354078148401 -64.95768583085746
-9.946011436723193 -64.9419317133757
-9.707600882573562 -67.96810518298084
-10.287467922030572 -64.81009640045475
-10.091398652277588 -64.36760826340442
-8.922507819099993 -63.66180553904815
-9.37244284879928 -62.34799455665783
-9.64011293225984 -63.47342189369316
-9.093570802166758 -61.48883625807592
-9.153921826773454 -61.175104366957385
-10.731383591591255 -64.8587632372367
-10.203682355476406 -64.97722731486536
-10.161668878241121 -65.23715534003578
-10.170259162113968 -65.14137859013466
-9.880276971828541 -60.09371993738692
-10.186354986984034 -65.19215702307642
-10.172914827928844 -64.4007699445085
-10.415313262468345 -64.40752326327205
-10.07730217349019 -64.91955297005855
-10.33824528457777 -64.37564738657598
-12.272898481800299 -63.73154635330099
-10.526191518073377 -63.687438943898485
-10.45484991592023 -64.63723885699447
-10.446014179304617 -64.52999616909993
-10.475047569396278 -64.50699200252787
-10.430204282582384 -64.49091633269981
-10.232663596462766 -64.47203558940124
-10.240922793269545 -64.47905870410631
-10.160365436544852 -64.46486788973858
-10.258929847649155 -64.47671193757111
-10.302052699154416 -64.40639393309796
-10.334695510836042 -64.40366027593986
-10.175501891895292 -64.98469435890235
-10.27899361668243 -64.17196151189795
-10.367424975991208 -64.45264742647099
-9.595868743904836 -64.62962274397233
-9.802970848460086 -64.67065224345778
-10.20406960044713 -64.935887765351
-10.083452067009707 -64.22371870303319
-9.784290448916142 -64.0951224104608
-10.443720032865505 -65.0888722947598
-10.16707092162602 -64.68235691058656
-9.879630215513947 -64.10088981199124
-9.801376527886552 -64.62216465228114
-10.07242356041164 -64.69716457271616
-10.142358340225359 -64.72890372605491
-9.672585670272134 -64.59526813349501
-10.394552450651114 -64.2430569229399
-10.370280727086547 -64.15888393248582
-10.137098664666796 -64.69049070902132
-9.691423649108774 -64.71461161550182
-10.099020261164458 -64.92876600452566
-9.759078558464035 -64.78434934989231
-9.532530973137566 -64.41802481072205
-9.859899573073356 -64.0929947368022
-9.585613578508635 -64.36985115096115
-9.55857074628526 -64.31767300903773
-9.892741613516593 -64.3096444148925
-9.935145071048014 -63.5274423453668
-9.884653459323301 -64.09016217162566
-10.201553792427479 -64.28485836513163
-9.923314481225567 -64.25683128692147
-9.888302698988115 -64.61372775760758
-9.78116728009413 -64.57036818712011
-9.613105420941643 -64.44101452287585
-10.134690900814302 -64.92292620296911
-10.064345801991955 -63.78799013060194
-9.835548090037657 -64.54852247385338
-10.035449166727506 -63.603202926216056
-10.02419900533873 -63.59375093773445
-9.671429904306926 -64.38501252862102
-9.597157117031323 -64.58078782603812
-9.66044944886013 -64.53636247824656
-9.765144637249321 -64.49056744212062
-9.980830258733503 -64.56173407428665
-9.848527005017841 -64.51764821397447
-9.57034268714798 -64.26460355864218
-9.559407463340698 -63.76757445029544
-10.006336642504975 -64.50976626755006
-10.114379115899572 -64.39773190324306
-9.15155172029294 -67.0572319783422
-9.85450976094912 -64.50773244965735
-9.89418420875639 -64.50729209937387
-10.013111594925553 -64.28376313896685
-3.143982253848205 -53.17471014138985
-9.217115417487284 -65.48998933254182
-9.916402341505504 -64.91621777564944
-7.2378242124199454 -59.48046716274607
-7.317680219205602 -59.68533835727492
-7.215824552578362 -59.62671088608856
-7.1216105627922985 -59.93316770292869
-6.898102671297154 -60.11508709556736
-6.892200509168433 -59.69997447205175
-6.946177579697355 -60.053395551036445
-9.565471350661335 -64.76805322278624
-9.575527246336277 -64.27744157303896
-9.380405299734331 -64.46735566380752
-9.853463814977236 -64.26809674378866
-9.584040684941854 -64.74146995295044
-9.591977881108113 -64.71027633597897
-9.568086306035072 -64.70416839167761
-9.15277284670006 -65.89686969923396
-9.323450275824504 -65.7659980910897
-9.560086263838247 -64.37456199982336
-9.930856507607658 -64.56641421484461
-9.914573952406394 -64.48866165124056
-9.852714608683362 -63.83820863667079
-9.856693089995646 -63.7659905624137
-9.609221902415616 -64.27962208741522
-9.241622159555568 -59.68880193972216
-12.315637613053017 -63.64438023331979
-12.051649918822855 -63.77841644003865
-10.13961844142163 -64.38413982108463
-10.09696829019179 -64.3657562272902
-10.107781954703643 -64.39761819344118
-10.121322349059568 -64.39255162145072
-10.07880743060074 -64.28651716727336
-10.031251322614622 -64.2928237810419
-10.040228836897773 -64.34732598946462
-14.28715432588957 -60.10977904047371
-12.7803070865452 -62.03917491364163
-9.969480594181457 -64.92944545021749
-9.402509648436087 -60.31647320360094
-9.333926400154088 -60.404349614083415
-9.374384621405886 -59.79907425616998
-9.439322118948077 -59.58111754015106
-9.140040411386934 -62.48558249962162
-9.174561981045592 -62.38830742445746
-9.150801364024078 -62.27118184276681
-9.115340109529248 -62.42836959142493
-9.2158977331979 -59.528968541914914
-10.479648210393451 -64.5382847272697
-6.248863052110105 -52.52703966008536
-6.2646694721026694 -52.982017657764835
-6.495251247842562 -53.235129595647194
-6.4705173396938696 -52.810877469775726
-6.211584928913166 -53.19212345477597
-9.532915394989786 -64.52363450696488
-12.253767659085549 -60.327329339109006
-11.331353234212004 -54.84717218450686
-10.300096939080834 -64.8100846764748
-11.508544529670246 -54.47450663060083
-11.511025272704345 -54.44989842903888
-9.319686326451336 -56.90414652908359
-8.120177106793204 -55.27635601969801
-1.3577029548500361 -55.437841619278366
-1.5151438287762928 -55.44470142083223
-11.421346018661357 -55.62323593564264
-12.046492616467683 -56.58698318805214
-1.520681111455284 -55.81478064745467
-1.625802450065306 -56.527578534318835
-1.6658156293515052 -55.19889304179551
-1.2334699922354662 -55.737274538541506
-1.3313310983882123 -55.88010602848939
-11.425729142443897 -55.53868966487744
-11.40954194136962 -55.39127614660267
-11.392172282074828 -55.53856897888184
-11.428048249933163 -55.66121619115497
-12.043997705484733 -56.59943866907968
-12.057787729290819 -56.60046276685574
-12.786061893619872 -56.62980868397902
-12.247691190497145 -57.11410418153631
-1.5043280911748806 -53.49855988119916
-9.733756242854957 -63.60657723813942
-12.0626025516252 -60.95969818274737
-9.456478849807413 -68.50141671669128
-9.68191651677207 -68.61262407295507
-10.752600260665918 -69.09467682221566
-9.641179901378523 -68.56958524387755
-9.75894305215601 -67.40724792232851
-9.885258708193621 -67.5754953893506
-9.289915645076746 -68.39525981888009
-10.410455898176384 -67.91974399435982
-1.3714556119015737 -55.399797091339764
-9.85437879083498 -68.76451442964247
-9.693752158918226 -65.63515425222757
-9.557677463847456 -65.70456936365346
-9.869287719863511 -68.7396871071982
-10.844606489978645 -69.37257475455242
-9.664548105475259 -68.58455655885598
-9.634169615726972 -68.54605864809929
-9.280019074276192 -68.38031881883586
-9.340934084877297 -67.77335351499747
-9.318727573842718 -56.996104634464345
-9.283667042967735 -57.26377006755735
-11.52065778150891 -54.456046017689296
-11.464402292250513 -54.44801848587868
-11.304576979809118 -54.86625038746523
-11.408993719050999 -55.1771063948906
-11.41537234871012 -55.16950124294006
-1.3008260868179362 -55.73482284851846
-1.4132938314328687 -55.81379807697172
-1.327924547448131 -55.42468603044039
-1.3382719588923324 -55.444502680090984
-9.198026401261664 -67.85371145036284
-9.626338402727406 -67.49818709086038
-10.547161458550628 -68.49896445880134
-9.281101803228088 -67.90564160097462
-9.228464272560961 -67.61528592560788
-8.634870881646098 -66.95717389927506
-8.627408760790196 -67.43785863842969
-6.62000615378242 -53.05739865084539
-3.0008671197348487 -51.61008232175909
-9.511995805223107 -68.41582688370724
-6.312676929801272 -52.23521488003117
-2.965499633918222 -53.13114297286106
-1.186403484718374 -55.72085744215242
-6.446508379562241 -55.261361189131335
-6.604912646070695 -55.43024243098129
-3.059852394876532 -51.7081509314794
-11.987254123775177 -60.79981253697217
-6.6012219276720145 -55.541002879875215
-11.176640095432706 -59.06685365806989
-10.998206482590293 -58.96410868940975
-12.289838774472004 -61.244602506616474
-10.13888020183304 -67.66929032906577
-9.786579757129324 -68.91818187238073
-10.666603758866621 -68.40027308840024
-10.582645316678931 -68.43952512564023
-10.591694286280935 -68.38405406761788
-10.817361921514912 -68.26805722544066
-10.612451450292898 -68.47366513688071
-10.55860086402404 -68.50710415173823
-11.413814781896592 -55.53315048627346
-11.375023833156918 -55.56755965602136
-11.851222623266553 -61.27628024007813
-12.288642048473566 -60.39328626614849
-6.371451284231889 -55.26308483265631
-9.533679070480556 -64.44741576093708
-9.840765296028252 -64.29120754256891
-10.192681455381928 -67.28215000761476
-12.430857852031671 -64.04096323595589
-12.809241459655166 -62.13341182421361
-11.52192365541409 -55.40011758984697
-11.494954188174933 -55.41839470217511
-11.425476477614865 -55.417929123925745
-3.549347202341864 -45.109112314690385
-11.421545140221506 -55.55078120866286
-5.497217683365161 -44.28861422847016
-3.6154361568917563 -44.26962563548199
-11.472587617819086 -55.583601029223225
-11.454262838721268 -55.591769830565305
-11.321471018659757 -55.4857382192423
-11.477617198745383 -55.54576379308191
-9.003558613115482 -63.575657562321624
-9.750161083863942 -64.03373918686493
-10.591012844988326 -64.10119411495756
-10.114967095983188 -65.00261565561802
-9.253188347038233 -65.50532638216453
-12.284894017425408 -64.4560311166292
-9.729026124443706 -65.60481261619417
0.8393712268640008 -59.72445655839252
0.9736142523437381 -59.47322378242993
1.0965684647422127 -60.595820098319116
0.17602027153173216 -60.490694679885465
0.025320020519351543 -60.614417343624325
-1.286226057885026 -53.69983420779958
-1.3229771921596374 -53.70226417519216
-1.2461804189169772 -53.71714636326912
-1.125651256060756 -53.708793385857795
-9.45230181420862 -65.4471941143251
-9.376513754405954 -64.49637838158446
-9.560090518820619 -64.45723244967158
-9.32818716384203 -64.28912462363265
-9.435049453148201 -64.37599100582193
-9.413029607210593 -64.416889208101
-10.088222424015152 -64.85032912528567
-9.822772927551805 -64.81849591603336
-9.833810934510769 -64.76617872644654
-9.832020407688098 -64.70620768879816
-9.761617248183631 -65.73574046965742
-9.924587353104531 -64.28957528105929
-10.370340553611541 -64.70619232722356
-9.875035480371574 -63.48501241760745
-9.872314488175473 -63.356418161267484
-10.17427060355859 -63.36578390275043
-9.858041277902124 -60.24642298269242
-3.1535224768171624 -44.09804006693531
-3.2029005321135355 -44.27100064049243
-3.6654261870945506 -44.62915773544161
-8.218073213255055 -62.80915267487588
-4.981812229086403 -46.824075304800026
-4.835959122026973 -47.00821795775743
-9.870267301164294 -60.22139840399102
-9.84363331762541 -60.08397324316714
-9.891718170556276 -60.1413258040096
-12.72894677815146 -62.07179305906517
-9.639198548160984 -63.5130971288524
-11.402386454949534 -55.41016965365666
-9.709813400060359 -64.07522863898937
-10.141105138309197 -64.41216275054452
-12.333697750076245 -64.14417072665272
-11.373885852804191 -55.41837311223173
-9.875171913249478 -60.12824808801412
-11.419618500751664 -55.380966717915406
-11.384517590850306 -55.43777647172282
-9.38018401518491 -59.7841756233077
-9.424546792329465 -63.71552725986943
-9.469872802573828 -63.40469527716672
-9.599898529920873 -63.45898338056045
-12.799124586578253 -62.110875599166796
-12.86064377770812 -62.17035165450163
-9.162942837352507 -61.175456923667035
-9.640089195574792 -63.446225545885476
-9.435047966915926 -63.7280032804209
-9.274865932767264 -63.73954129305265
-9.383723241394748 -63.78976242835942
-9.310413349688064 -63.73006682418848
-9.288225786202124 -63.43171033298922
-8.257999863553852 -62.85445477646149
-8.256882278058152 -62.92171672618324
-9.981687165909946 -66.8786138849842
-9.670627500358771 -64.14324753917182
-9.40184947957812 -63.61656481642055
-9.482685082983362 -62.47917238198325
-9.335022117144527 -61.99058757409809
-9.733206957866617 -63.64582827711749
-9.851057443320983 -63.77863635456517
-9.525528543656169 -64.61438701260415
-9.530001280094448 -64.29102957999551
-10.851826617740876 -65.18606957817643
-9.544125848924445 -63.79803758078555
-10.335925431775621 -64.63266552984
-9.487195292100822 -63.86398476212341
-10.046856549903959 -64.36803522514579
-9.875692964794824 -64.3005261210673
-9.914845532474665 -64.99676285493418
-9.894992882143805 -64.97273881354162
-9.903532547869705 -64.79504783118153
-9.725323204119238 -64.73923920299272
-9.921016362329794 -64.96785817380275
-10.412472675761869 -64.8893827839523
-8.341787903666711 -62.75444151496982
-10.325774473939601 -64.47257699559987
-10.310176725805956 -64.44209015563347
-9.969960977414843 -64.68655573129297
