-8.61379342805299 -63.34880646876756
-4.039627316077024 -54.240909780709856
-3.43102542530931 -54.27081982976726
-3.5902540789958226 -53.90960985256098
-8.671824854728621 -63.31153687344126
-9.29613484828392 -67.29124712194313
-3.602815632161372 -54.379195827003905
-11.284082004913111 -52.80702423971749
-9.41906673596478 -63.33355731996347
-9.41992389400777 -63.35067891665711
-9.476740257912292 -62.265639136184255
-9.161820648547918 -61.736092334228665
-9.152315777754746 -62.35118729482267
-9.607651084180764 -62.4224242780816
-9.210340043083534 -62.438722632097004
-8.959473547216739 -62.39147799008362
-9.342344075357454 -62.44010365056311
-8.616528426554357 -67.45116570594827
-4.248751476722268 -46.84992882991799
-12.473009266263343 -54.9867367783934
-11.881777022797246 -51.541395835078006
-12.328112463884404 -63.97330990459026
-3.749065811324421 -54.51978307558756
-9.976944525835725 -50.54318448156401
-4.482111165507189 -47.05619041808166
-3.949429154271993 -46.98528910779588
-4.06903276347285 -46.63000697533978
-4.239402704635069 -46.78621488182534
-4.243388401042197 -46.79660253591137
-3.9563983929183277 -46.98299988745007
-8.042805705249815 -54.83350343184967
-6.158395081933495 -57.717218628006066
-6.152643863519548 -57.74195332038384
-7.365975085079485 -55.61005195483913
-3.6826799618059125 -52.27772967712771
-3.735525255250462 -52.17352891431836
-3.878890362311975 -52.138925051742454
-1.8525213959912363 -52.03748306135619
-2.165780624623488 -52.1506804231054
-2.0854878362156573 -52.02233687630127
-2.9330082371409096 -51.78608204787069
-2.1799651075880924 -51.972186656180654
-15.582370815704587 -57.55669226889176
-15.480846191141096 -57.625212100338906
-15.233278188442105 -59.61462833191348
-15.273522028902734 -60.21302720877695
-3.375943228602188 -54.37982689099879
0.584050950154333 -59.688269420757194
0.8969367842427497 -59.59607917477158
-2.90192076424845 -52.686407173495034
-16.259794236754267 -58.592796604767926
1.0247326666722085 -59.56190127314943
-2.147741505234597 -51.998085802228815
1.092429421362528 -59.51528009169969
-16.11305269102556 -59.415046761207265
-15.6528928290472 -57.66896861065441
-3.321826987577795 -54.39610365708375
-3.6249195483814693 -54.42512748107198
-9.755423111011904 -56.75419233736207
-3.624587321931747 -54.48499359599859
1.0705629827792726 -59.554696899920714
-15.399629711517045 -57.748883341645644
1.0343447379444888 -59.5399975110182
-9.67325519044443 -56.86860034551641
-7.8225982428279925 -61.19488744856156
-1.6783101341983306 -46.97261826836115
-1.8339511685333167 -46.63048662233055
-1.6309747287945984 -54.92744104304513
-10.650402029686028 -56.27841822502249
-9.359253443273204 -57.67018452402069
-2.3960248046593637 -51.80780560052009
-2.888923018644021 -51.77592732143339
-2.8956040913003203 -51.36809672070322
-6.873611536286976 -59.09115447966233
-3.6899360771111978 -44.62738260391969
-3.673602414371564 -44.62929055628136
-3.401795288171814 -47.59845621147019
-3.4539623222003315 -54.19154620798857
-4.11566385630741 -54.4051160265916
-4.046811280723836 -54.28724058807538
0.5972643930200668 -59.89684266289169
-9.93117986792031 -65.09099982013902
-3.951724919893775 -54.23965961160346
-9.955238810423406 -50.49765299048333
-4.1218588039665605 -54.348259221510666
-9.79200048864444 -65.5426367442241
-10.087167989164053 -65.05126274427076
-10.139449595132907 -65.01917330775885
-3.765697794392174 -54.45206032675751
-2.453435638821788 -53.62383620050227
-3.9881614295782097 -54.45930842875622
-3.712522409015619 -47.66889544040869
-2.407533663073086 -53.69523289186037
-2.4209281764407242 -53.7960282943725
-12.290905203687931 -64.16044853193394
-3.385343090703897 -54.65937258715592
-3.6809606905752177 -54.18218071468347
-12.139070464529343 -63.31570406882064
-11.945354228738204 -64.04695633646367
-2.425470911593936 -53.71454162420375
-12.167528428045292 -63.27252007131386
-9.346957074753059 -64.24890641745411
-3.9701476186508087 -54.23195933598707
-4.1603256445348915 -53.8340748607967
-3.733615767860465 -54.483710026641226
-9.976078352285414 -59.940535127043624
-9.718643281607203 -56.995719536130274
-9.651415110857597 -56.98854529575975
-9.495065278340537 -56.93387652044107
-9.684744061723219 -56.74566189092855
-9.422439355995067 -63.7213271548369
-9.598105943460286 -56.84751275917092
-9.116355136003026 -56.6752941923488
-10.77737487014074 -56.2528605157909
-9.332626837655098 -64.43243750808224
-11.513757712394993 -55.55564541327215
-9.553860965242839 -56.848868852649
-9.445307386534552 -57.02197316878161
-9.805858504356026 -56.669848311679814
-9.52013924366956 -64.60334973298794
-12.280972225291894 -64.43670201655549
-9.33527432050287 -56.9496869914427
-9.907795315240632 -60.053409743305174
-9.846068689587396 -60.01109742746683
-2.2478580392253846 -48.01606323872117
-10.174791079493238 -65.00740151714501
-10.017421927055434 -65.17556787747381
-10.152084837997696 -65.0369240596988
-3.7522209871244154 -54.611600134979376
-3.7034892806384465 -54.568120763505455
-3.761844524833049 -54.47591270434879
1.0291593878308534 -59.52137015419118
0.8900918308149933 -59.367906482079476
-1.9268450692218952 -46.44072408900639
-2.481583178528207 -48.43861401681268
-2.294150198668049 -48.67850969961723
-2.3970615251335605 -48.60744994210715
-1.7572925427677375 -46.65265625593869
-10.31110648768495 -54.14397254852292
-6.861433872156867 -59.05681796564425
-6.901262324403393 -59.37885758593339
-6.761150963185335 -56.73505530737458
-12.369529529964165 -64.1586365835439
-16.250094727620773 -58.58280369065235
-2.0891903994496976 -46.347465253101916
-1.3231829023144754 -55.67901134273436
-12.352572585234874 -64.00986212405445
-9.945652784542384 -66.77682807811347
-9.632447817085609 -57.315214843902496
-1.6133745995645474 -54.8128155265552
-4.160709133968123 -46.822665173101534
-9.672782338734176 -56.872539534570656
-9.70463066942807 -56.761208419517224
-9.659551641560707 -56.688959369595715
-9.67278413337909 -56.781082633244374
-11.414782180478044 -54.53850612920688
-10.0259310659685 -55.49150022921726
-9.831435157420962 -67.64363995204012
-9.144127272272923 -65.34349154782979
-12.334656471512085 -64.49320632324718
0.9757849441323685 -59.5493697014668
-9.19514758558279 -65.53172050019496
-1.9629869499062238 -46.46707492789144
-9.150690642313464 -65.38572542130278
-9.115462782124153 -56.696056017450005
-4.1541803942974225 -48.57543006368718
-4.439812333884102 -44.57431969082126
-4.377752467031856 -48.615405683269316
-3.7785029108609063 -47.45958779644431
-4.830153873860823 -47.003137744331994
-3.152564532119398 -53.94670947660405
-10.229224572572821 -52.73645698413124
-10.239286679305083 -52.71064868053449
-0.2001910542841287 -60.87096666823368
-2.3734240924106906 -53.824587005239735
-9.974827492356297 -49.36925754874128
-9.904890318642279 -50.5190641637727
-9.888128080697358 -51.954925347180776
-4.840909520277091 -47.019547362753585
-4.5788978179691435 -46.66533125132446
-12.317132574941901 -63.703105095782064
-2.8263118562726173 -54.12477287243453
-1.5158890328437966 -60.39947677822862
-1.2673238846372805 -60.31867709659353
-1.4108916661509032 -60.41694571045993
-1.4163915863271395 -60.426583157934125
-1.4230984326424498 -60.40737240878114
-0.19989058903899412 -60.63510352807492
0.7254225320734313 -60.017288841989135
-12.827208487028418 -62.110623677738765
-1.702039515388754 -60.3934566979043
-1.4318391752071429 -60.37243689927141
-1.4275751642346255 -60.39578336244209
2.173355147106844 -60.917072457108745
0.558356033785442 -59.86442113427814
-9.440232453128013 -67.20023750030434
-9.811622015046215 -67.08125568480659
0.7164787993951172 -60.53348544055609
0.44593818638642124 -60.62445004510956
1.0508664902295173 -59.595247753783134
0.4538811697114162 -60.335038577892036
0.5553697514792315 -59.87308296468203
0.4414622569683747 -60.34892799897982
-9.909805069295075 -66.70564612782262
0.6528447564996592 -60.185659915740935
0.7300687353643629 -60.374639989466196
-1.5078832984801063 -60.39241055653638
-2.387509540813157 -53.90325626206487
-9.15725899786554 -67.35850325086932
-9.300805256240128 -67.49360235198343
-9.391576304387304 -67.22823726317749
-9.599465055732871 -67.6135776533519
-9.854357605149554 -65.1966232468631
-1.4168757967809467 -60.29753388748233
-1.2957374232945154 -60.22387197769573
-1.2622460393870918 -60.29816901119778
-2.3769771927396617 -53.86836589271832
-2.3712544556843795 -53.79982280465907
-9.894182332537756 -65.20160668078871
-12.151227440790636 -64.13015293840134
-12.149406969270915 -63.88891596493912
0.9681650292711845 -60.59902618942635
-9.873503315234595 -65.11601150728141
-9.294245592110368 -67.5754526017695
1.0444304129874422 -59.62136267380517
0.8182654654364194 -59.33953168394945
-12.79470454344335 -61.88737307938552
-11.974177669238227 -63.71205300807401
-3.134920326737468 -53.872449517579014
-3.075790397348487 -54.03056834236566
-3.7026921947291536 -54.475183213660806
-4.132179933267911 -53.818113784977136
-1.6635240875817268 -46.2562407588138
-4.802700266804886 -47.60985281884494
-3.6771610700061594 -47.24282410941036
-3.7614392417863294 -47.624192094766386
-10.023690335454699 -65.05240570745414
-5.188044782976256 -44.22637866996114
-4.358236735423298 -48.66277950149671
-4.793242444518197 -46.447537055363966
-4.562664375898844 -46.430716850803584
-1.9523119765204848 -46.468575157614545
-9.91055784160668 -65.11103818718296
-9.91567524518206 -65.15008358226528
-1.9629121347018286 -46.427338743746255
-9.98951693206557 -65.18996445912576
-3.439714748924233 -54.12954794849211
-3.687876833982886 -47.23046532702798
-10.06631844725299 -65.17693342801918
-10.137859433906355 -65.23207750526299
-10.160747195755098 -64.84256477619395
-10.137503770095158 -64.95626601808395
-4.837171557607846 -47.013709074005845
-12.377424895120246 -64.0597541877523
-1.3370610115659567 -55.20556316279703
-3.65729953583145 -44.61700674399649
-3.027531017803213 -47.78305494764615
-3.0380571132078793 -47.73593759988795
-4.066910921819533 -47.21508727052819
-1.6811245935420667 -45.91953269689722
-2.230066461576069 -46.2641840708979
-2.4321807084303497 -47.025893587416896
-3.86247309199771 -54.28487662046769
-3.4152005200867994 -47.58958218013599
-2.4071142872471634 -53.723986183576834
-2.443346244373929 -53.957741827743824
-2.4518383155025965 -53.971814480435654
-4.0982293324920445 -54.20971111940805
-9.98372591611325 -66.75503843524673
-9.919578287230147 -67.38416815382676
-4.064587234525743 -54.274288058088395
-4.162167426840708 -54.14463438266666
-4.0971423312560775 -53.85692087923259
-10.206966537659106 -67.43937167501706
-9.443436479588836 -67.188963773956
-9.43802731366404 -67.16942455912931
-9.637558797736657 -67.4804037628249
-10.29030056432697 -67.42183505428298
-9.841397533813728 -53.74632170850873
-9.77005528722402 -56.74652196604433
-9.925656282813938 -57.514356880078594
-10.029325413923566 -55.506959596796875
-10.007564081528983 -55.4490567642227
-9.816444099607997 -56.37401639852379
-9.80516040161338 -56.408391578185565
-9.814849025122173 -56.417071551737735
-10.162165704501524 -64.85647411990956
-9.790089447456433 -56.59810232660502
-9.671204510139091 -57.20514514219849
-9.808527459725576 -57.12970448217463
-2.7894797592308533 -54.16039718746584
-9.33610842990047 -56.995408916272794
-9.403237976761357 -57.05265621236675
-9.445213287032901 -57.066227674000146
-9.370637618785674 -55.97149388280193
-9.308422937614573 -55.89475043390405
-9.308802943772163 -55.909904009814355
-7.733472581358845 -55.17597140830366
-7.278918626426589 -55.400753082779765
-6.211096966448443 -53.920793557114244
-3.656028127558654 -54.27638830661974
-6.309399213759202 -53.90093537049666
-6.460216039628629 -53.19985722420921
-1.4727061650211037 -55.36508743554846
-9.250303774275338 -62.330425838044526
-9.48838462229797 -62.49687548475409
-9.518287042807726 -62.49872956669159
-3.6641604743322413 -54.18742212793001
-8.61379342805299 -63.34880646876756
-4.039627316077024 -54.240909780709856
-3.43102542530931 -54.27081982976726
-3.5902540789958226 -53.90960985256098
-8.671824854728621 -63.31153687344126
-9.29613484828392 -67.29124712194313
-3.602815632161372 -54.379195827003905
-11.284082004913111 -52.80702423971749
-9.41906673596478 -63.33355731996347
-9.41992389400777 -63.35067891665711
-9.476740257912292 -62.265639136184255
-9.161820648547918 -61.736092334228665
-9.152315777754746 -62.35118729482267
-9.607651084180764 -62.4224242780816
-9.210340043083534 -62.438722632097004
-8.959473547216739 -62.39147799008362
-9.342344075357454 -62.44010365056311
-8.616528426554357 -67.45116570594827
-4.248751476722268 -46.84992882991799
-12.473009266263343 -54.9867367783934
-11.881777022797246 -51.541395835078006
-12.328112463884404 -63.97330990459026
-3.749065811324421 -54.51978307558756
-9.976944525835725 -50.54318448156401
-4.482111165507189 -47.05619041808166
-3.949429154271993 -46.98528910779588
-4.06903276347285 -46.63000697533978
-4.239402704635069 -46.78621488182534
-4.243388401042197 -46.79660253591137
-3.9563983929183277 -46.98299988745007
-8.042805705249815 -54.83350343184967
-6.158395081933495 -57.717218628006066
-6.152643863519548 -57.74195332038384
-7.365975085079485 -55.61005195483913
-3.6826799618059125 -52.27772967712771
-3.735525255250462 -52.17352891431836
-3.878890362311975 -52.138925051742454
-1.8525213959912363 -52.03748306135619
-2.165780624623488 -52.1506804231054
-2.0854878362156573 -52.02233687630127
-2.9330082371409096 -51.78608204787069
-2.1799651075880924 -51.972186656180654
-15.582370815704587 -57.55669226889176
-15.480846191141096 -57.625212100338906
-15.233278188442105 -59.61462833191348
-15.273522028902734 -60.21302720877695
-3.375943228602188 -54.37982689099879
0.584050950154333 -59.688269420757194
0.8969367842427497 -59.59607917477158
-2.90192076424845 -52.686407173495034
-16.259794236754267 -58.592796604767926
1.0247326666722085 -59.56190127314943
-2.147741505234597 -51.998085802228815
1.092429421362528 -59.51528009169969
-16.11305269102556 -59.415046761207265
-15.6528928290472 -57.66896861065441
-3.321826987577795 -54.39610365708375
-3.6249195483814693 -54.42512748107198
-9.755423111011904 -56.75419233736207
-3.624587321931747 -54.48499359599859
1.0705629827792726 -59.554696899920714
-15.399629711517045 -57.748883341645644
1.0343447379444888 -59.5399975110182
-9.67325519044443 -56.86860034551641
-7.8225982428279925 -61.19488744856156
-1.6783101341983306 -46.97261826836115
-1.8339511685333167 -46.63048662233055
-1.6309747287945984 -54.92744104304513
-10.650402029686028 -56.27841822502249
-9.359253443273204 -57.67018452402069
-2.3960248046593637 -51.80780560052009
-2.888923018644021 -51.77592732143339
-2.8956040913003203 -51.36809672070322
-6.873611536286976 -59.09115447966233
-3.6899360771111978 -44.62738260391969
-3.673602414371564 -44.62929055628136
-3.401795288171814 -47.59845621147019
-3.4539623222003315 -54.19154620798857
-4.11566385630741 -54.4051160265916
-4.046811280723836 -54.28724058807538
0.5972643930200668 -59.89684266289169
-9.93117986792031 -65.09099982013902
-3.951724919893775 -54.23965961160346
-9.955238810423406 -50.49765299048333
-4.1218588039665605 -54.348259221510666
-9.79200048864444 -65.5426367442241
-10.087167989164053 -65.05126274427076
-10.139449595132907 -65.01917330775885
-3.765697794392174 -54.45206032675751
-2.453435638821788 -53.62383620050227
-3.9881614295782097 -54.45930842875622
-3.712522409015619 -47.66889544040869
-2.407533663073086 -53.69523289186037
-2.4209281764407242 -53.7960282943725
-12.290905203687931 -64.16044853193394
-3.385343090703897 -54.65937258715592
-3.6809606905752177 -54.18218071468347
-12.139070464529343 -63.31570406882064
-11.945354228738204 -64.04695633646367
-2.425470911593936 -53.71454162420375
-12.167528428045292 -63.27252007131386
-9.346957074753059 -64.24890641745411
-3.9701476186508087 -54.23195933598707
-4.1603256445348915 -53.8340748607967
-3.733615767860465 -54.483710026641226
-9.976078352285414 -59.940535127043624
-9.718643281607203 -56.995719536130274
-9.651415110857597 -56.98854529575975
-9.495065278340537 -56.93387652044107
-9.684744061723219 -56.74566189092855
-9.422439355995067 -63.7213271548369
-9.598105943460286 -56.84751275917092
-9.116355136003026 -56.6752941923488
-10.77737487014074 -56.2528605157909
-9.332626837655098 -64.43243750808224
-11.513757712394993 -55.55564541327215
-9.553860965242839 -56.848868852649
-9.445307386534552 -57.02197316878161
-9.805858504356026 -56.669848311679814
-9.52013924366956 -64.60334973298794
-12.280972225291894 -64.43670201655549
-9.33527432050287 -56.9496869914427
-9.907795315240632 -60.053409743305174
-9.846068689587396 -60.01109742746683
-2.2478580392253846 -48.01606323872117
-10.174791079493238 -65.00740151714501
-10.017421927055434 -65.17556787747381
-10.152084837997696 -65.0369240596988
-3.7522209871244154 -54.611600134979376
-3.7034892806384465 -54.568120763505455
-3.761844524833049 -54.47591270434879
1.0291593878308534 -59.52137015419118
0.8900918308149933 -59.367906482079476
-1.9268450692218952 -46.44072408900639
-2.481583178528207 -48.43861401681268
-2.294150198668049 -48.67850969961723
-2.3970615251335605 -48.60744994210715
-1.7572925427677375 -46.65265625593869
-10.31110648768495 -54.14397254852292
-6.861433872156867 -59.05681796564425
-6.901262324403393 -59.37885758593339
-6.761150963185335 -56.73505530737458
-12.369529529964165 -64.1586365835439
-16.250094727620773 -58.58280369065235
-2.0891903994496976 -46.347465253101916
-1.3231829023144754 -55.67901134273436
-12.352572585234874 -64.00986212405445
-9.945652784542384 -66.77682807811347
-9.632447817085609 -57.315214843902496
-1.6133745995645474 -54.8128155265552
-4.160709133968123 -46.822665173101534
-9.672782338734176 -56.872539534570656
-9.70463066942807 -56.761208419517224
-9.659551641560707 -56.688959369595715
-9.67278413337909 -56.781082633244374
-11.414782180478044 -54.53850612920688
-10.0259310659685 -55.49150022921726
-9.831435157420962 -67.64363995204012
-9.144127272272923 -65.34349154782979
-12.334656471512085 -64.49320632324718
0.9757849441323685 -59.5493697014668
-9.19514758558279 -65.53172050019496
-1.9629869499062238 -46.46707492789144
-9.150690642313464 -65.38572542130278
-9.115462782124153 -56.696056017450005
-4.1541803942974225 -48.57543006368718
-4.439812333884102 -44.57431969082126
-4.377752467031856 -48.615405683269316
-3.7785029108609063 -47.45958779644431
-4.830153873860823 -47.003137744331994
-3.152564532119398 -53.94670947660405
-10.229224572572821 -52.73645698413124
-10.239286679305083 -52.71064868053449
-0.2001910542841287 -60.87096666823368
-2.3734240924106906 -53.824587005239735
-9.974827492356297 -49.36925754874128
-9.904890318642279 -50.5190641637727
-9.888128080697358 -51.954925347180776
-4.840909520277091 -47.019547362753585
-4.5788978179691435 -46.66533125132446
-12.317132574941901 -63.703105095782064
-2.8263118562726173 -54.12477287243453
-1.5158890328437966 -60.39947677822862
-1.2673238846372805 -60.31867709659353
-1.4108916661509032 -60.41694571045993
-1.4163915863271395 -60.426583157934125
-1.4230984326424498 -60.40737240878114
-0.19989058903899412 -60.63510352807492
0.7254225320734313 -60.017288841989135
-12.827208487028418 -62.110623677738765
-1.702039515388754 -60.3934566979043
-1.4318391752071429 -60.37243689927141
-1.4275751642346255 -60.39578336244209
2.173355147106844 -60.917072457108745
0.558356033785442 -59.86442113427814
-9.440232453128013 -67.20023750030434
-9.811622015046215 -67.08125568480659
0.7164787993951172 -60.53348544055609
0.44593818638642124 -60.62445004510956
1.0508664902295173 -59.595247753783134
0.4538811697114162 -60.335038577892036
0.5553697514792315 -59.87308296468203
0.4414622569683747 -60.34892799897982
-9.909805069295075 -66.70564612782262
0.6528447564996592 -60.185659915740935
0.7300687353643629 -60.374639989466196
-1.5078832984801063 -60.39241055653638
-2.387509540813157 -53.90325626206487
-9.15725899786554 -67.35850325086932
-9.300805256240128 -67.49360235198343
-9.391576304387304 -67.22823726317749
-9.599465055732871 -67.6135776533519
-9.854357605149554 -65.1966232468631
-1.4168757967809467 -60.29753388748233
-1.2957374232945154 -60.22387197769573
-1.2622460393870918 -60.29816901119778
-2.3769771927396617 -53.86836589271832
-2.3712544556843795 -53.79982280465907
-9.894182332537756 -65.20160668078871
-12.151227440790636 -64.13015293840134
-12.149406969270915 -63.88891596493912
0.9681650292711845 -60.59902618942635
-9.873503315234595 -65.11601150728141
-9.294245592110368 -67.5754526017695
1.0444304129874422 -59.62136267380517
0.8182654654364194 -59.33953168394945
-12.79470454344335 -61.88737307938552
-11.974177669238227 -63.71205300807401
-3.134920326737468 -53.872449517579014
-3.075790397348487 -54.03056834236566
-3.7026921947291536 -54.475183213660806
-4.132179933267911 -53.818113784977136
-1.6635240875817268 -46.2562407588138
-4.802700266804886 -47.60985281884494
-3.6771610700061594 -47.24282410941036
-3.7614392417863294 -47.624192094766386
-10.023690335454699 -65.05240570745414
-5.188044782976256 -44.22637866996114
-4.358236735423298 -48.66277950149671
-4.793242444518197 -46.447537055363966
-4.562664375898844 -46.430716850803584
-1.9523119765204848 -46.468575157614545
-9.91055784160668 -65.11103818718296
-9.91567524518206 -65.15008358226528
-1.9629121347018286 -46.427338743746255
-9.98951693206557 -65.18996445912576
-3.439714748924233 -54.12954794849211
-3.687876833982886 -47.23046532702798
-10.06631844725299 -65.17693342801918
-10.137859433906355 -65.23207750526299
-10.160747195755098 -64.84256477619395
-10.137503770095158 -64.95626601808395
-4.837171557607846 -47.013709074005845
-12.377424895120246 -64.0597541877523
-1.3370610115659567 -55.20556316279703
-3.65729953583145 -44.61700674399649
-3.027531017803213 -47.78305494764615
-3.0380571132078793 -47.73593759988795
-4.066910921819533 -47.21508727052819
-1.6811245935420667 -45.91953269689722
-2.230066461576069 -46.2641840708979
-2.4321807084303497 -47.025893587416896
-3.86247309199771 -54.28487662046769
-3.4152005200867994 -47.58958218013599
-2.4071142872471634 -53.723986183576834
-2.443346244373929 -53.957741827743824
-2.4518383155025965 -53.971814480435654
-4.0982293324920445 -54.20971111940805
-9.98372591611325 -66.75503843524673
-9.919578287230147 -67.38416815382676
-4.064587234525743 -54.274288058088395
-4.162167426840708 -54.14463438266666
-4.0971423312560775 -53.85692087923259
-10.206966537659106 -67.43937167501706
-9.443436479588836 -67.188963773956
-9.43802731366404 -67.16942455912931
-9.637558797736657 -67.4804037628249
-10.29030056432697 -67.42183505428298
-9.841397533813728 -53.74632170850873
-9.77005528722402 -56.74652196604433
-9.925656282813938 -57.514356880078594
-10.029325413923566 -55.506959596796875
-10.007564081528983 -55.4490567642227
-9.816444099607997 -56.37401639852379
-9.80516040161338 -56.408391578185565
-9.814849025122173 -56.417071551737735
-10.162165704501524 -64.85647411990956
-9.790089447456433 -56.59810232660502
-9.671204510139091 -57.20514514219849
-9.808527459725576 -57.12970448217463
-2.7894797592308533 -54.16039718746584
-9.33610842990047 -56.995408916272794
-9.403237976761357 -57.05265621236675
-9.445213287032901 -57.066227674000146
-9.370637618785674 -55.97149388280193
-9.308422937614573 -55.89475043390405
-9.308802943772163 -55.909904009814355
-7.733472581358845 -55.17597140830366
-7.278918626426589 -55.400753082779765
-6.211096966448443 -53.920793557114244
-3.656028127558654 -54.27638830661974
-6.309399213759202 -53.90093537049666
-6.460216039628629 -53.19985722420921
-1.4727061650211037 -55.36508743554846
-9.250303774275338 -62.330425838044526
-9.48838462229797 -62.49687548475409
-9.518287042807726 -62.49872956669159
-3.6641604743322413 -54.18742212793001
