-6.754411788861686 -58.972151302087674
-5.736642947791981 -53.603215697060385
-11.229505332573176 -59.162548631640675
-9.845023296555654 -60.75441859656546
-9.92846053121234 -57.503898071846706
-10.142860453611561 -64.855888331984
-9.122588361119004 -65.37675901353114
-10.233385047979585 -51.217024781864595
-10.494654454234265 -63.29310234380388
-6.028064117870502 -52.204882537364924
-5.403925770295826 -44.09579143809592
-5.245424731684586 -44.030336713162846
-11.300295894976422 -55.48572521538986
-11.299531464492851 -55.5130778065252
-3.03745911101026 -50.39047546058996
-3.051770898200984 -50.40903648294002
-2.923692316164538 -50.3938781136242
-13.260862012392515 -53.85161225056029
-2.1908605979577933 -52.02136559915523
-9.632302746057393 -65.5581743041695
-10.413994411590838 -64.7827719920029
-7.063054353869995 -63.03921075356168
-7.027555938088627 -62.963269760720515
-9.896986453729257 -65.23111785276245
-10.106778337458081 -65.15254339654076
-9.707801270542927 -64.69412666356513
-9.39416485224194 -65.49100337939292
-9.768973699112216 -64.7194514402638
-9.318486304458473 -57.36429759134349
-9.925023909733492 -64.99916130836236
-9.668568422900128 -64.7218469035733
-8.338549847905025 -70.07133278045043
-9.873407421858913 -68.72294002227342
-12.325900049149041 -63.6345148922162
-9.678078480076447 -64.10798505807472
-9.635107472142089 -62.42163572273934
-15.563032674520658 -57.558404475237126
-9.656184154477533 -64.26603444117606
-9.943798358497615 -64.99366015059928
-10.103434737546179 -57.583421935137295
-10.14136702232739 -58.0299475286565
-9.597351048568429 -63.76838486527287
-9.040956121094917 -65.98783092909309
-9.380935355844889 -65.82407052440055
-9.209155314286468 -65.88671055368695
-9.299422929525843 -65.6140999629639
-10.714374140672053 -63.6810601222776
-10.612736831360815 -64.09066506394568
-9.47322138920436 -62.36827525522075
-9.64625903412375 -63.298435851866095
-10.03078974866964 -63.65192729998678
-9.80595008826894 -64.06027895390368
-3.911351104862312 -48.93608975511315
-4.067321310181741 -48.825166350459945
-9.67807327417187 -65.71581576489125
-9.710338287603758 -63.86493503500593
-9.435875352718343 -66.6410607840128
-9.643963568760615 -65.74135253337793
-9.637406273307292 -65.65551275924462
-9.249816510161684 -65.89456210964583
-9.450073747371889 -63.67967621972517
-9.624617676375994 -63.7890677216252
-9.511055058645262 -63.94109874416016
-9.759754797797628 -63.89893999278709
-9.877919620099226 -64.14572862080068
-9.674267790472728 -63.92119327162569
-9.534906763133261 -63.56428007808867
-9.528583986807584 -63.57692337577835
-9.94797924326589 -64.2271273512924
-9.97635051577225 -64.01970647905495
-10.005921131381434 -64.33178200896057
-9.859394928206365 -64.6629718541942
-10.04760429506301 -64.83865299358395
-10.211863624520083 -63.69246492606011
-10.656601759195938 -63.949799981963515
-10.671983532203226 -64.15010024723496
-10.681401964591206 -64.12794789333547
-4.219483735309083 -55.15007538228502
-4.093150095249528 -54.22989365342503
-4.351464659620088 -54.78370451183125
-5.750625929812595 -53.55713919962195
-5.46629681149917 -51.3352242883997
-6.087879225687389 -53.40991018703919
-6.102420328556788 -53.56142288522395
-5.736050293727043 -51.4921422192128
-12.612620404958365 -60.888343866104115
-1.9594322141377707 -54.555635583757464
-9.230402567240667 -65.92580134179062
-9.196535529681263 -65.57994578184314
-9.934770280819338 -64.21922173915476
-10.119022385934379 -64.33818051226264
-8.125133502808222 -63.89998808440423
-9.17631217536747 -65.48847179134171
-9.959476143642854 -64.93871767827393
-9.995048024036594 -65.20963187562121
-9.376389975383523 -67.78104212968286
-9.241530170381832 -66.9914087634608
-9.49942294252181 -64.28957297140573
-1.6277700521786427 -56.5087372613978
-1.9532617561737835 -54.62497475029622
-8.703987941522003 -50.78998841076093
-9.725870998265204 -64.49448600856556
-9.679141421359772 -63.80416836010364
-8.827596860048242 -66.67752107170811
-14.29407429877388 -60.16607191677742
-5.381455934243304 -44.09071450914777
-8.843296389750996 -66.87632971237518
-8.176220430295261 -64.05368945060853
-9.813760875562805 -63.99559001164995
-3.9878427359444824 -48.910064565588215
-8.943935691189026 -68.57223382683719
-8.619029911244827 -66.65205595984273
-9.564911556081924 -63.81125248998941
-9.955968250972251 -64.99429503570565
-10.234557279829337 -63.56452894395884
-9.957687669191717 -64.24799537081644
-9.588528438626568 -63.79720417625444
-9.703989792421842 -63.87081902919942
-9.831878475961837 -64.11342366664917
-9.919720053701685 -64.14548500808195
-9.92837126937772 -64.60467798285468
-9.760097499555423 -64.54781887250307
-9.720725132940537 -64.44520811044401
-9.816058288593311 -64.79887086600294
-9.835447357413518 -64.93572354419055
-9.754176282774045 -64.09231233512836
-9.939154879536998 -64.65335878789443
-10.537983810057327 -64.26692500790936
-9.584913301492929 -64.07866501774694
-10.026477104683316 -64.31031461687012
-9.652618664247061 -63.62856357633183
-9.551261414240798 -64.20004466830778
-9.925862516265003 -63.81797263409121
-9.542385470581698 -64.2762241909066
-9.87853842306615 -62.92748484254507
-9.875687237702198 -62.91328437118004
-9.87810571691112 -63.98989808443014
-9.85542360346086 -64.79697251668168
-10.470576603427352 -63.86553762597552
-10.20598398876278 -63.602551014628915
-10.201140154678741 -63.62665258869681
-9.905468902746644 -64.73199763347178
-9.844420287839343 -64.73904615364752
-10.607029321571185 -64.0172499188333
-10.7113266459483 -63.99062279983301
-9.503121267081816 -62.365178439955166
-10.545497041477093 -64.1704058915737
-9.90051328521492 -63.58292175284517
-9.50341286993758 -63.54528767320811
-9.338891698262662 -65.91686643515942
-9.375147897132639 -65.80857896899474
-9.19314332575813 -65.36317278497698
-9.145009010017564 -65.40352570016385
-9.927219661422546 -65.04459415610428
-9.339547573389622 -66.0740786763908
-9.499531401048884 -67.42502393903186
-13.948267454353998 -60.17881934933626
-13.863202452964714 -60.19430475836286
-1.4014307906951176 -60.294993162093625
-6.083371406176803 -59.92000971216587
-6.700026720140106 -58.9047331520832
-1.9969938070881006 -59.96229019950611
-10.31996759941465 -64.76534036744155
-4.381580426819256 -48.623469182908266
-5.262457192395839 -44.13036272060704
-9.822176862358532 -64.71906012530806
-10.515433637789393 -64.28942623927824
-9.491530443445287 -62.35977267752418
-9.23359387466234 -65.91524487352893
-5.91695048511061 -53.53115547393481
-10.220303619584065 -52.6685033041112
-9.143707263245583 -65.88796351089024
-9.554353524984196 -64.27865340135466
-1.453790140950765 -60.24513480608562
-10.706790356809893 -63.539711284187284
-9.62308397031837 -66.01786761554617
-3.025498889652595 -50.37159055002979
-5.617219109730557 -51.91340039051617
-9.644447789314835 -64.203081934173
-10.248642883279691 -64.48670232409731
-9.359227293110731 -66.59201536959695
-9.409732123325941 -68.25140269543375
-10.989715839866374 -54.0716688395855
-12.193952967256472 -60.608464324497135
-12.05047361701578 -63.800627502095324
-4.948447165118319 -50.736465441514895
-11.636931736735509 -57.03642153781517
-6.098737614031908 -53.40801799556974
-7.785761952536037 -55.04126089466721
-5.48162802201443 -50.367986779926554
-6.110109920061438 -53.29685739655475
-9.306737640487158 -64.41172444401842
-9.45471199339322 -64.36779742339914
-8.139341406680728 -64.07365010751992
-8.627982055160716 -66.66835968901543
-8.873089673767502 -66.8561147846645
-10.973965203449719 -54.0634920467899
-9.811066995764257 -57.13856512051025
-9.346012893533938 -57.38330754079036
-10.393777086792305 -63.54169196232286
-9.190122859518887 -65.97428762025483
-9.707202049991242 -57.331144170793046
-9.717541578076899 -59.056084510285636
-10.061414930911496 -64.3160502598009
-9.95959949014812 -64.24833717325005
-4.919381795613523 -61.50278539230183
-9.814272639312149 -64.80739082429574
-1.426660270736333 -60.27823616677151
-9.568389841651115 -66.42315272247231
-9.555603971840759 -64.28797396857905
-9.495388264814842 -65.59872941773425
-9.142024724484164 -66.06788942592667
-9.078359210735423 -66.12846226003288
-9.197818521961283 -65.36606585380281
-9.643073732259078 -64.25926961998039
-9.266543862247307 -57.378251816959214
-9.330113925234615 -65.858543464215
-12.201685232798972 -60.442423067872085
-12.166543822109185 -60.65604571416145
-12.14224219237656 -60.65250809492104
-12.217809288090672 -60.6470450622134
-10.715526041129978 -63.64485734035374
-10.696208831253726 -63.69046175565525
-9.733903996606946 -66.87585865278416
-11.291585143327131 -52.80130598113508
-9.33079359945155 -65.46524326676914
-7.777426490139951 -55.02911824859739
-9.991533054025695 -65.08494708602278
-9.925721577733302 -60.17075903590196
-13.66856451647226 -60.6511007899444
-10.64536270141448 -59.32761561223805
-9.83069863728795 -63.813666844681606
-9.902405473417145 -63.651545099291376
-9.43576892972067 -64.54437747923275
-9.307002038311616 -64.28204090499877
-9.477593817483562 -64.34380053788698
-10.171521502793734 -64.46941002774585
-10.268799210861658 -64.51019816270805
-8.820608174608376 -66.74635007634294
-9.997163811722693 -64.29313933589401
-8.838101969960546 -67.12225064057832
-5.580906358000902 -51.87221240542979
-9.218406750798367 -65.88080447933345
-11.291284187163676 -52.816170186163596
-12.80944125196342 -52.44523528177837
-6.228675528719697 -51.70659901412155
-4.405053950695505 -54.61902572456069
-4.338161291871068 -55.113147632607756
-11.291048047687601 -52.806817101147296
-9.405144962663858 -67.5581162568174
-9.625722393550388 -59.04392178018832
-4.222530758934312 -55.16970075603976
-9.993161700024158 -68.20222172520658
-9.989033273658839 -68.19210889241683
-9.300706721330876 -57.409903333760425
-10.385090915158928 -64.39269505804715
-10.16351236924522 -65.10463456451907
-9.435617804471077 -64.43856528884987
-9.107030090007276 -65.51356676800557
-9.55034225988027 -63.77852078737536
-9.487388714534456 -57.7566663975184
-10.268653778775954 -57.92246501772347
-12.613654970433304 -61.52981518002152
-9.138642199583968 -66.04486210859528
-9.332919262344232 -65.8135687992786
-9.208614400117604 -65.8539332206892
-9.590647384486603 -64.16677025388155
-9.423308930432269 -64.45022696688427
-9.603217571851804 -64.1813799028197
-9.619019785675377 -64.19556421510171
-9.567167704796772 -64.27362440831327
-9.314324941864095 -64.28439970909376
-9.832634548703773 -66.6566383575343
-9.735392088015102 -63.613142536914104
-9.605097294874476 -63.72836480966558
-9.527163701764817 -63.61202670622896
-9.84181289724763 -63.681825968976625
-9.852855217764503 -63.792613151716644
-9.90345341617659 -66.82972005897693
-10.169922029407598 -64.38916985256755
-7.606625243860521 -69.94116768650862
-9.732742735802073 -66.02824843288384
-10.064899302271566 -65.10075850682674
-9.556049727814846 -64.19663626964049
-10.458666975317978 -63.98977928612921
-5.9190550740167645 -53.70692882429932
-9.910100084575006 -65.12006894222675
-5.966386278350751 -56.44164224026414
-9.0444035080775 -65.98234416210387
-8.525999478174167 -67.132724710844
-5.948456436482829 -53.29120902162215
-3.9971844790078976 -48.90241708077019
-9.032155292178746 -65.85303287834795
-9.334515531159663 -65.91510051718319
-6.0884704684286675 -51.74840843164125
-4.080771015402811 -54.322523362210006
-12.441266598297283 -57.87878329261519
-10.32888394028546 -64.89059895402981
-9.645051049538234 -66.23680598220263
-15.263030874402741 -60.213370651298334
-13.973803249898442 -60.32372269913519
-8.849246873371573 -68.84510908758745
-9.875845545501 -68.71725447789899
-12.894252499085518 -54.67394656905552
-10.555718281293665 -64.20388962448524
-10.668663599601196 -68.59389254274362
-12.445470541759756 -64.08692699226424
-12.577094081176385 -57.41871664013758
-10.533324489685885 -64.25035348291424
-10.346321000152003 -64.4057329111057
-1.6399284600436461 -56.53446579556944
-8.785483368510954 -70.79930923910155
-8.674701617132424 -71.00986395494422
-9.076563181416706 -66.12791712919119
-2.025155649564003 -52.06300034400581
-10.11573285874743 -65.00664227652807
-9.40176803601631 -56.010726158604975
-9.768278055439962 -63.94097315058104
-10.1977604065085 -64.94143634412137
-5.605816893621263 -51.67053897393266
-5.6319958280455245 -51.710802587814996
-10.080814591968618 -64.83265163739142
-10.018488031034284 -64.89932747027113
-9.667887032697212 -66.76171393955022
-9.446468925187123 -64.44215616518049
-10.332296249148554 -54.110303497561354
-5.64814405157793 -51.76394340137731
-5.9561751485754035 -53.52841666382941
-11.032948203517018 -54.19117986319205
-9.126292483767793 -67.42243995136948
-12.042903796710927 -56.6147770774287
-6.222229488238899 -55.39804846624536
-9.18568856687401 -65.5780968253575
-2.1109879831002663 -52.01167446242576
-2.1641138889524107 -51.99707253365221
-9.262905394792693 -65.47564800474605
-9.362842722030232 -59.10853835979266
-9.82057513147603 -64.82085222476277
-9.860775886227747 -64.79042046265705
-9.871188385136296 -64.78233900609297
-9.186943260622172 -65.50187377687456
-9.275972546841542 -60.98050884670909
-10.654342276989485 -59.374559232058274
-10.268478621309708 -64.503899987026
-9.040930595590439 -66.16947378627873
