-9.319777498415439 -65.61581458925866
-11.247754373795695 -55.343687297523566
-11.877351726721455 -56.204341935920965
-12.230921645356549 -57.11428455656733
-12.353286859594304 -54.16674053172891
-12.15444769388832 -55.0682031979716
-14.382944839651667 -57.483421815686356
-13.02623796710356 -53.533875413852456
-11.56283767261271 -54.539336140639094
-12.057248556701099 -54.59497428738248
-12.049504973298813 -54.39425493618859
-9.504489420130374 -63.48532732394701
-11.396115044670095 -54.99182426881962
-12.49594090773873 -54.4998986107974
-12.833579466370232 -62.16311948662255
-12.61413967491086 -54.905836646746884
2.7622295033312265 -61.67793984029452
1.9548964316563655 -60.74106628345695
-12.06079072174136 -61.060944603657894
-13.563918384927588 -60.73619637507488
-12.329776971562245 -60.71990704183093
-12.71599807368642 -60.310846097935126
-12.69388613387313 -60.38480380565665
-12.700855829490692 -60.3985695811764
0.5477847474599835 -60.71420828768656
1.838123156312254 -60.83519871428266
0.5821958385009907 -60.71465403253831
0.5105850316079762 -60.54972476080872
0.6530629142932277 -60.6757019715762
3.18613635562493 -61.64110498250594
-13.899195948013697 -56.64084082356632
2.4260253762047554 -60.935429800420174
2.421249721029524 -61.27307014937158
2.3231474623816477 -61.484566190919736
2.752984319263739 -61.69063049317439
-12.105900869666211 -60.77242404411964
-9.297266875347733 -65.64640694401547
-10.500950289039116 -54.39594288915691
-10.171637754854368 -64.85073387914298
-9.438895922540715 -63.535691269445614
-9.974376080710806 -64.6037670209033
-9.623899025342771 -64.55582722810733
-14.191831204239362 -55.72210928386993
-12.31318979813998 -57.67884530044277
-12.451151116359659 -57.698614980791895
-9.756697930048233 -62.353368241445956
-10.891589956191337 -54.04781932028206
-9.794099524993317 -62.45783873327738
-9.74119641747726 -63.14803428052179
-10.041929651522588 -64.76707743664267
-10.17238504548173 -64.90660739226756
-10.154869314008296 -64.92205295390718
-9.90744883547962 -65.189681853936
-11.001829633568233 -54.00542392716596
-11.014742840754158 -53.994136082816404
-10.251137145022648 -53.97395278291423
-13.005650850179123 -53.310608420769164
-7.522556849068899 -55.65701071159108
-9.361605872793021 -59.37788373840114
-9.275081328305196 -56.43605545278552
-9.79005302061728 -54.84769067774604
-9.596360533700418 -56.37581041966843
-6.854844661701751 -59.89867983811011
-9.006758742323145 -50.01546847044829
-8.629454318173009 -54.87653141440838
-9.187537165619476 -60.51867831499428
-11.27348809503652 -55.476463167410735
-9.12031002173541 -61.410227075235355
-10.079703334799332 -65.05278872360635
-9.76270518557349 -66.82794561214881
-9.992804709558861 -65.19673865991467
-9.982543996764406 -65.16076352206505
-10.071748966427364 -65.13918337291909
-9.978372430587553 -64.92503537846429
-9.852415226409812 -64.93531802491518
-9.899403906311678 -65.15066624986605
-10.100635340888354 -65.07594411749821
-10.055763470604596 -55.838484431896596
-8.965458080162755 -62.23285042800753
-8.98417778391379 -61.473617726353275
-9.916191732639808 -60.19425929662079
-12.132717501053804 -56.997232873517476
-9.935756198193173 -60.20263972284406
-7.884109051177287 -54.88568543467123
-8.520283082118882 -54.993927748601635
3.240476886384322 -61.611333053946154
-13.317607454668709 -61.49443097273388
-10.921042515350319 -56.41825618237939
-11.937707137701794 -60.567119935908536
-11.97655305606373 -60.52446351206349
-11.934662025321682 -60.64260456249609
-12.06783288395485 -60.4429224177651
-12.302554612790324 -60.75091887379441
-12.261455283302102 -60.51499412777532
-12.224887064976244 -60.65508460394759
-12.305323550058839 -60.76474930631857
-12.918252588909343 -60.59331439723465
-12.140519827438965 -59.869517198580795
-8.901751199121318 -62.484773680548855
-8.993937218622133 -61.47001888873685
-10.995073438273911 -53.978146748888015
-13.216242581333342 -53.36083058924388
-10.24825903230098 -58.1849458466018
-14.223511818907255 -60.15830495379179
-10.249328011534251 -58.17016386915581
-11.912610400059577 -51.54551009324236
-12.564323443146183 -57.36530846589034
-13.229687336125671 -56.85313737728319
-13.631117877105318 -57.03731658558266
-14.256124986134466 -56.41283074722153
-9.254424216105848 -60.89345869156098
-9.268084371494252 -60.40561882866683
-13.527723910529065 -60.32771528140469
-7.835176343932699 -61.15527461177193
-12.496709052540844 -60.60850854602016
-11.489593221361323 -56.80493991398791
0.6020629406648387 -60.670793407673216
-10.23696094518179 -58.44598157360503
-7.067992404823025 -59.30074259974573
-6.998837817799029 -59.31032164239685
-9.708331976402615 -66.2348779746954
-9.139587698341046 -59.07564600275721
-9.283545586554563 -60.50692216183098
-9.334727725617038 -59.42476217588834
-9.333231339156105 -59.37866630560334
-11.683404898612213 -54.18980517267986
-9.35989272828646 -59.60949310346363
-9.278409738975462 -59.51258611794167
-9.966226602034903 -58.246480898011136
-10.229913892695947 -58.44912008627665
-10.263450214365935 -58.165553351722814
-10.281589582089083 -59.460116099586074
-7.91212895936659 -54.702917697739345
-8.539152356036148 -55.016436762211974
-12.602471290449392 -51.398385422291256
-13.07421620624786 -53.37265218994105
-13.244520897921449 -53.36071792112966
-9.260956325043948 -60.88901387099839
-10.275646127619943 -59.633738648053615
-9.860497538945141 -59.10716941258635
-9.354683776471374 -60.3403114235719
-9.359037982746381 -60.31526559686486
-9.486266387316832 -60.3683908690325
-9.318666008776542 -60.41045786124513
-9.583608278700765 -63.29545610710993
-11.055547894927775 -61.416823588896825
-7.852965637373962 -61.143978823587005
-10.160317053077636 -59.11470134306741
-10.77529892217632 -59.219120605397976
-11.108999640455512 -61.417612316803385
-9.938504085599067 -60.1316209907301
-9.872773381053635 -60.064575647273905
-9.967297672395034 -60.047075265924974
-10.514161919622241 -59.46520251796339
-11.119301662313458 -61.42016983804566
-11.903543043267385 -51.498139625294456
-9.997497742670168 -60.08518006357882
-9.362010134770872 -59.7604382465832
-9.797737690174522 -64.82959561939082
-8.929969492669533 -62.54636990586824
-9.846503704869653 -64.48102977182077
-9.257090665452825 -59.500993488238926
-9.484410452200706 -59.50326339032944
-9.252154015396929 -59.04367749221076
-10.496264903474495 -58.58650011948966
-12.28196916443753 -61.24166983255802
-11.424589406605117 -56.871092911852315
-9.476419807861314 -60.317401589213794
-7.1777628333756045 -55.00544438177973
-9.378452982411806 -63.58302634474731
-11.896677645022868 -56.20180822944349
-13.082984190134674 -55.13607831590573
-12.26713589973161 -54.757025798668195
-10.439600851964673 -54.340814661716955
-11.37395654790429 -56.332571922065405
-9.257503160132655 -61.1609369146935
-11.273522869550476 -55.483823076700084
-12.654433944726883 -54.97729326591443
-12.26402481172174 -57.178433214242354
-12.483355376004328 -54.5050187554397
-7.249942172002606 -59.49253479282724
-8.959185364324197 -62.21802048408833
-9.36627812240698 -64.42328508672857
-9.270940952831362 -60.99077030210375
-11.454322245029317 -56.90589984435147
-11.663021089970703 -56.709664122054924
-9.275684112892417 -61.16332562984224
-13.172728216208194 -53.77969983650059
-9.565295266357449 -61.878242705709354
-9.54200863091156 -64.43090387021978
-12.354400148109052 -56.37308185945154
-9.676094601466234 -56.72336682782077
-10.120044247164024 -65.2078039482943
-11.412286637390325 -55.02687339778287
-9.742864987323538 -55.567509550006875
-11.35972335094312 -56.39401216735216
-7.508292360446295 -55.62365402523139
-8.632290480988042 -54.93211337362513
-8.526715268666162 -55.040360646810996
-9.730465465156689 -55.5218347964759
-10.611517176431484 -56.47314003244864
-10.469417935367648 -54.496645198085595
-10.556035643385478 -54.68506133217999
-10.415871856734883 -57.78018071359211
-10.017430172762417 -55.969910759874
-9.931014395910196 -54.80000323188518
-10.544762358890331 -54.61790610265835
-10.49011118363069 -54.38912515776328
-12.468706983831801 -55.04191468327455
-10.655611318739274 -55.194635187775646
-10.666169198541505 -55.22433564782779
-10.629056225526835 -56.47391757176846
-10.558455558593757 -56.61856906985204
-10.992571347098995 -56.9189214068609
-11.878781540604006 -51.52378017558365
-11.880812881517596 -51.54885713597452
-11.852098859311047 -52.26568486239325
-11.665627985244111 -54.20112517649247
-11.584852807174038 -55.38937175763701
-11.590440757515882 -55.54622437190596
-12.445147433583553 -56.533543277900165
-12.040247654532742 -56.61920352575715
-12.226710812770492 -57.095561366174586
-12.572683272607183 -54.891349657377134
-12.616179197733288 -54.89630562854991
-12.826617016906495 -56.82424737533684
-6.8358468243066355 -59.27953777178939
-11.368005477676105 -56.6941947546277
-9.273083200766404 -61.00803676005126
-9.263421692315847 -60.3083370695979
-10.989399371483852 -56.93757997172396
-9.5047083633506 -56.412187743596824
-9.748266277582879 -56.398450118168824
-9.504926627828 -56.39401185923915
-13.22657607167821 -53.882288183342375
-13.918242071701753 -56.62830754720381
-8.56331418389273 -55.00605792809389
-14.181600867426868 -55.726602477021245
-9.24010668204938 -62.4385654909689
-14.0721018721649 -56.12020761871055
-10.427303702232075 -54.045625887422005
-10.634110359385478 -54.36618249594072
-10.676639620636433 -54.364130492444424
-9.384889935064232 -62.380796693433545
-10.067921609327815 -65.16531599011921
-11.393118250703786 -55.0241131395633
-12.678314367254483 -54.69137164712764
-7.8746866906380255 -61.38527106139286
-9.598819002863255 -63.00322535485541
-9.62812805307518 -66.02679354878579
-9.133808940240666 -62.52674378622623
-8.853401563112897 -61.42429048885178
-9.051086074467225 -61.88558042446171
-8.891805194357332 -62.23943252023914
-8.954927990918934 -62.208239706500066
-9.085878926885677 -62.58169301096773
-8.978136425843047 -61.601181903040604
-10.257295994555813 -61.90086172700266
-7.986106251244748 -61.3296071345574
-7.847971331993333 -61.760875103950326
-9.033190869343104 -60.53140061261544
-7.792447786977537 -61.71769537382008
-10.27507702781672 -61.953361261174855
-8.966374213640107 -62.02269407314591
-9.014339435022846 -62.10383873144649
-7.931829732344167 -61.7606413935359
-7.802595847184361 -61.45018331277238
-7.971718938665189 -61.229449518385366
-7.9715539034302765 -61.30408491461926
-7.9440896717628595 -61.77295853909042
-7.975217092950209 -61.77462198039999
-7.898579181652327 -61.712324583536336
-7.668463055596868 -61.221286031253925
-8.02982309745765 -61.34826610403684
-7.8326162424466315 -61.800351745016016
-9.551246644462811 -64.42255239405632
-9.519151165778666 -62.92865444874913
-9.374307279001217 -64.47317011130426
-9.558092266567776 -63.26240138467059
-9.415555879483346 -63.26221049771275
-9.230649996903509 -63.28556171289126
-9.242979022480213 -63.283605157761755
-9.68259438163954 -62.40759307441071
-9.285515867892448 -64.43972405033774
-9.638246696970764 -64.07854462362182
-9.559913034603682 -62.09915936639481
-9.749511705288063 -61.88650495715548
-9.226639824273422 -63.26350289334933
-9.624553796234416 -63.093327930881145
-9.219634134771722 -62.58155495419297
-9.357370580247304 -62.367954679324896
-9.16837762000192 -62.386702389348244
-9.423894587556312 -62.10639107139333
-9.214236986142541 -61.161856735977366
-9.216504223188279 -60.3540013485871
-9.31784038374393 -62.31853986875866
-9.625626323661775 -66.4359449050184
-9.577162578605675 -66.34998132120235
-9.656529084080358 -66.27476322100848
-9.683098142037572 -66.5632181327544
-9.39084839686921 -64.43086618749562
-9.658869497358266 -62.06347118583195
-9.670193408454365 -61.8672330132886
-9.723252195551911 -62.22115272150872
-9.686864438997613 -62.29186835718563
-10.24608915823524 -61.92794789164499
-10.169846757455128 -61.939236760282235
-11.487425866761878 -56.69929245200154
-10.092030733149272 -63.54121876320846
-9.958843544528575 -65.24450995993399
-10.09550354906051 -65.09399064429114
-10.11774648310116 -65.0566128385488
-10.145860520311043 -65.07728987280663
-10.114902416709521 -65.01559514859984
-11.650099796125247 -61.06862618717126
-12.29469464754545 -63.99565339027376
2.8850994128238687 -61.53872499523825
-11.829557608112072 -61.05949619134866
-10.002275001296933 -65.08998809106473
-9.551631897840416 -63.997343465693056
-9.499110387053026 -62.1890295210862
-8.996657839314528 -62.105716433756385
-8.956823173680936 -61.99582354268817
-10.253373593837336 -61.95496146203013
-11.421762052030287 -56.65840653885182
-10.487910710666867 -54.529497614671065
-11.337425717162292 -55.30612641678879
-11.371933354125519 -55.02853844061276
-10.209881192630672 -53.87694270242388
-11.610433911219767 -54.14857702280564
-11.610210559276446 -54.45711987798824
-11.64479086073345 -54.396873190841795
-11.715274788866113 -55.11297678482557
-11.90148365190974 -56.89909019770109
-11.215943310117993 -53.839723586576554
-11.090742778810776 -53.87196193753123
-11.303740903876054 -54.304912489982996
-10.886018381795903 -54.6178135221928
-11.244135896714287 -54.68312949373263
-11.659297684639078 -54.47779912748002
-12.589984991852598 -52.51441376930235
-11.603160003984973 -54.531067405030484
-13.0545063533293 -60.204568774012145
-12.434720767006207 -57.71935910906655
-9.041962117709508 -59.220876004864806
-10.395000731961913 -53.99397782168786
-9.180223963547062 -62.03692396405977
-9.039185675932721 -59.229848120390024
-12.057393606609452 -60.93018864961243
-9.835893377693374 -58.5292511318851
-12.900226546581724 -60.29663341039442
-9.834474605378919 -58.090107521245024
-12.98002776882515 -60.04205818391381
-12.259285102344675 -60.5482726530326
-7.797517875658638 -61.17890569160108
-11.678500421444973 -61.690638439929266
-8.865025544739275 -62.21796217066907
-8.839245148695545 -62.310329280910054
-12.929718793146481 -56.790116034615984
-12.382960541120626 -57.664947435271586
-6.991284928815967 -49.125015415627026
-11.446112463013746 -54.95107329092155
-12.75199331460348 -52.01131774923295
-13.475922802569782 -59.915852919700335
-12.447778038816825 -57.800371951844006
-12.396494823639557 -57.56678613455456
-12.369647531281418 -57.86361743134386
-12.224777354617968 -57.87756403171985
-13.557500369316829 -55.66709300285776
-13.868790872163135 -56.76801070865793
-11.617865329211073 -55.027829223754736
-10.2557787932217 -58.15350433299756
-12.276731449832042 -57.835426153943054
-11.82088253257825 -55.204108354450774
-11.887164536424219 -52.26659682455385
-9.433388575045075 -60.3548025765414
-9.032626937486736 -60.537046401335395
-9.040309936411983 -60.52949114640212
-9.271559940632354 -60.340358192348155
-1.7736413839015155 -55.653941240896884
2.0919021402227695 -61.82930211411073
2.1532134727976873 -61.83235281389372
-12.9070713928066 -60.2681888753715
-12.927293582664522 -60.12512547079827
-12.070206755905158 -60.960949592707365
-12.827303214981457 -60.25580375690839
-7.844241147445487 -61.148348513042095
-12.0557188946815 -63.37530451887255
-11.9141560039702 -63.59311118016667
-12.114938934385219 -63.89478210344402
-9.18678604327011 -62.257867688946696
-9.198131860157282 -62.29264077320998
-13.423732316679164 -60.88159899761312
-12.20986108104251 -60.8922019658892
-12.253717582352442 -60.503377627215016
-9.569951433984393 -64.21336180657406
-7.99620942835325 -61.32234157994978
-9.483024909682424 -63.858801391274916
-7.4853754268174395 -64.28000254345407
-7.482650924370263 -64.26560105827221
-10.399007964164195 -64.18701469908878
-12.407825104514517 -57.615526140545974
-11.275347477620196 -49.90317794702156
-9.358501252808813 -64.54486546859759
-10.456672011745848 -63.981901485918776
-12.050961849737691 -58.09407677925404
-9.599047234746017 -64.6522845030412
-6.050188834106553 -53.3465499015774
-9.21330325077404 -65.36607521627766
-9.634277536457358 -65.66015013973097
-10.184349861061959 -65.20268916726407
-10.025228676428023 -65.2115423765978
-7.903486492375779 -54.7991276745361
-9.641813548822821 -64.39613314974608
-9.649522963113892 -63.60366131215298
-7.750673024622788 -54.7773041298547
-10.319611256871523 -51.75973029057211
-9.63105969731952 -63.806512992818625
-9.628909124589331 -63.68489043466556
-9.333983570539102 -65.47610093241966
-9.308723785035852 -65.47455717204826
-9.955712765427963 -63.87724845639412
-10.162815093496185 -65.25020420321343
-8.266369265690434 -55.2229891520508
-10.05917508942445 -58.33865258463358
-10.438012630600468 -52.15484364872073
-12.322512515380868 -60.82645760570567
-11.957255105780206 -63.52144054356024
-12.412109378624162 -60.461035159035674
-11.578009884995208 -61.43417418355397
-11.638099190803924 -61.38216261173506
-12.037229688454364 -60.955100210480396
-14.479192592555098 -59.98266414889862
-15.463064119956048 -59.52648059890308
-13.980682220569415 -60.1122158833945
-15.491925920028411 -57.62904141816432
-12.62160451581843 -60.41337074234717
-12.599542624913239 -60.43367189144556
-12.654836931701357 -60.6153669334884
-13.183690823135372 -59.89150721472242
-14.29828242637117 -60.09645835204458
-14.924652457982504 -59.13983591582145
-15.588353795987105 -57.62159674969134
-9.678155486564634 -63.078429911664735
-10.545841010226805 -64.24016938066438
-10.34488797715853 -64.97194271481233
-14.377446111968329 -59.90737536924663
-15.49909042985412 -59.89496443974016
-13.676255561712852 -59.83598971923871
-9.777785489787789 -63.12478504309279
-10.07504246417436 -64.94609410490534
-9.784852652903322 -63.1108813561449
-10.3699961819201 -64.41392688605903
-9.97911627924719 -64.77748325815503
-9.901369712321873 -64.77475045501983
-9.890249998297666 -64.95352213317487
-9.906432756404453 -64.96792075170816
-10.148277509478504 -65.00650101625969
-10.036435816217189 -64.8670325005403
-10.304421694897485 -64.93644864439041
-10.36684496318504 -64.39683967935004
-10.365046525036933 -64.33498624832437
-10.288629292539675 -64.15066844499277
-10.347941820002823 -64.0724554133444
-9.899811346128693 -65.20007298077903
-13.288316331986032 -57.05855794383511
-10.32120065109481 -64.00384827192983
-12.567293793134867 -52.52510016513964
-11.318722132763822 -52.1905153171467
-11.893861493140927 -52.238534353529936
-10.248557216422993 -54.008881001198226
-11.379081516540984 -54.92404832860407
-10.82063663460503 -53.76587118588093
-11.089661072099142 -54.06492649892097
-11.092581483232099 -53.864390904852065
-10.812465858511532 -53.764819080584545
-9.198530144109604 -62.583582840519
-11.036785616849796 -54.08223044726497
-11.517342309672573 -54.222465622445974
-11.407401474257352 -53.9149585175295
-11.92317763521728 -54.919336048313276
-12.44804732080894 -54.412454577319416
-12.37080335102565 -54.539441896286526
-12.603822956727523 -54.87900407122432
-12.606268118810778 -54.871869356365806
-12.41824054054946 -54.78054668914134
-10.824337030793458 -54.61472805439333
-10.408522467052203 -57.33182375394765
-11.747061688272833 -54.551725993940046
-12.069133251479705 -57.446094925574485
-10.174939755854927 -55.69030119907929
-11.358202667306387 -54.715029906171694
-11.514440384128305 -54.23507214420882
-11.481857853677148 -56.70280329023832
-10.45082194778044 -54.59313897198435
-10.825270805243845 -53.75733432801568
-10.814161413435183 -53.754409427416306
-9.769881140189469 -65.84635178393634
-9.358523483718345 -66.56705314916607
-9.597849197525795 -66.57038534833431
-9.637932979006743 -66.28048056252132
-9.695673333174895 -65.94566510272719
-9.484467381734062 -66.72611376709054
-9.511857599511979 -66.74323747958572
-9.496235737662776 -66.77128584116343
-9.511815177015876 -66.76884766192342
-9.523208748681574 -66.59439989827916
-9.50512296058441 -67.45893271143301
-9.302596746930185 -67.76465863928807
-9.322529485157327 -67.4384050164872
-9.394882279955766 -67.4607383998154
-9.511886823097978 -67.46662859601065
-9.536052658561612 -67.4203259092184
-9.592629982076078 -67.60985171557407
-9.436204025457528 -67.33260143670799
-9.935010885764214 -67.10853574367788
-9.495250864990417 -66.7609575603768
-12.656134220090719 -51.98633876170149
-12.049706869326606 -60.96859417800669
-12.702968884881574 -60.385732255658006
-12.88266111644699 -60.02458978159904
-15.555122177704193 -57.484386132323344
-15.397151627792198 -57.518266456709135
-16.23111705998732 -58.601483515444826
-14.380910871449545 -59.926170176226144
-9.953669664265329 -64.94076700531221
-10.339034668432777 -64.4068572588294
-10.288063211977752 -64.44781338160294
-11.524295219846442 -54.21991821763489
-12.287186657651816 -51.077496125788464
-13.392125348134721 -53.70807148194473
-11.596223264097796 -54.16203227524407
-13.17869665084539 -52.29527406039774
-13.168926331791805 -52.297339585718085
-14.665995456361207 -56.817485932885575
-14.191118179563082 -57.13296586800479
-14.194847454432347 -55.71862608098747
-13.245773640227181 -53.844806995297944
-11.695625125541644 -54.17192638770453
-8.212079029443439 -55.49026697547974
-10.194733701408715 -55.777013853730175
-8.975450812392141 -50.838486390124835
-12.15469128253403 -55.073137004505476
-12.127851873722047 -55.08451062666087
-12.641332207029224 -52.44419180736363
-12.872721715013482 -54.809151410825116
-12.47709364552856 -55.041701585246955
-13.251357658708455 -52.558002474696075
-12.269029427601554 -58.197606785539
-12.062617350646411 -57.45647682990123
-15.479829798194798 -59.52648810556907
-13.752205272655084 -59.72836432020273
-15.999481871047164 -58.34282957436902
-13.3238942403428 -61.48660208329929
-11.578279363443338 -61.445373503684955
-8.85445371219508 -62.22532362553731
-9.214424228283713 -62.51005865809417
-9.808203240426138 -57.48363034737188
-11.881631958753792 -56.20594817354729
-11.84238744479889 -56.57559846238316
-12.418954232764069 -56.28894789387823
-12.233814280755215 -60.84621068890064
-12.00808835509498 -63.68516772590536
-9.593079371490239 -64.26253359284358
-9.53031723971338 -64.27657131555205
-10.352780165183193 -64.11619231942346
-10.29159615722074 -64.13212324658299
-10.224114837034334 -64.12403932657834
-9.822086886212986 -65.16838983420631
-10.125741379820095 -65.08451881781914
-10.048586074899411 -64.82697123073639
-9.793396677676776 -65.1778076080223
-10.1383288762642 -65.06808808403186
-10.481190156960938 -64.13332494234622
-10.460360848546838 -64.04890536638449
-10.408554410118732 -64.1363113559862
-10.380476705875553 -64.04034503063494
-12.219666006576013 -64.17422960486094
-15.470927627332339 -59.52595815069357
-9.908623877810196 -64.9950755745543
-1.443199356312894 -55.65178452013884
-13.668429173012445 -60.66283275138196
-13.420882668965296 -59.94024464321287
-10.015399440749768 -65.16838926443978
-9.633164282350076 -63.70404862459662
-9.631130313564416 -63.722585188063334
-9.624619915443992 -63.7367805769434
-9.687080845595089 -64.72907700148777
-7.934989471251887 -61.47853640084981
-7.437949115584919 -64.4547421165697
-9.396245853542771 -64.57802243669163
-10.552918374686751 -64.22615163178058
-9.687755458168427 -63.83879963538724
-7.502485326754761 -64.27812788786773
-7.4915987162178554 -64.25570582198388
-7.756332026333738 -61.34780162352121
-12.878320198438974 -56.784591752835524
-10.092608418467762 -58.914172675881744
-12.445951780899302 -57.809258600903085
-9.981850233908075 -58.37536640314977
-10.295670066571155 -58.85329297919304
-9.30104341111376 -62.107084148465916
-12.856717657236302 -56.79420539847362
-11.87351476091408 -58.53855265854005
-11.804998233719248 -58.85068250853073
-12.257138635812444 -58.18603417934538
-12.227030960735046 -57.7296710218754
-12.09727189257184 -57.7710085003194
-12.296274705181304 -57.83815303942873
-12.622401520679913 -57.05589729691669
-12.284752529581093 -57.82045341177784
-13.213398972569252 -56.85083546381347
-13.20147636317237 -56.844193750320315
-13.240815919942825 -56.784928360424246
-13.330173437278424 -56.662574365279696
-12.914685247784984 -56.79803529325967
-14.387177712208523 -57.50382177549588
-14.255934317282918 -57.017728948288934
-13.88756701030779 -56.74602214375988
-13.321324467256126 -56.674722442795016
-8.230545867332035 -55.13563900534381
-10.454639748464965 -52.13585640889133
-10.190134268795056 -52.649864809404534
-10.436321763255195 -52.05410227013715
-10.302608564125796 -51.61477416614243
-10.448034358892984 -51.92426209959503
-12.104102483035698 -52.50446991681173
-10.138377741244154 -51.65148573440964
-9.142675773674988 -62.58781422582052
-9.495738969544544 -63.54246384753256
-9.77158868921191 -62.941470300906815
-9.880703377209427 -62.914907783564786
-9.529911237257107 -63.57232147755944
-12.167118598187473 -62.96099035073861
-11.933510132449877 -62.8539713175286
-11.879244373247465 -62.767708106381654
-12.042838148663545 -62.95198111189774
-12.415816457582075 -62.08780455039041
-9.319777498415439 -65.61581458925866
-11.247754373795695 -55.343687297523566
-11.877351726721455 -56.204341935920965
-12.230921645356549 -57.11428455656733
-12.353286859594304 -54.16674053172891
-12.15444769388832 -55.0682031979716
-14.382944839651667 -57.483421815686356
-13.02623796710356 -53.533875413852456
-11.56283767261271 -54.539336140639094
-12.057248556701099 -54.59497428738248
-12.049504973298813 -54.39425493618859
-9.504489420130374 -63.48532732394701
-11.396115044670095 -54.99182426881962
-12.49594090773873 -54.4998986107974
-12.833579466370232 -62.16311948662255
-12.61413967491086 -54.905836646746884
2.7622295033312265 -61.67793984029452
1.9548964316563655 -60.74106628345695
-12.06079072174136 -61.060944603657894
-13.563918384927588 -60.73619637507488
-12.329776971562245 -60.71990704183093
-12.71599807368642 -60.310846097935126
-12.69388613387313 -60.38480380565665
-12.700855829490692 -60.3985695811764
0.5477847474599835 -60.71420828768656
1.838123156312254 -60.83519871428266
0.5821958385009907 -60.71465403253831
0.5105850316079762 -60.54972476080872
0.6530629142932277 -60.6757019715762
3.18613635562493 -61.64110498250594
-13.899195948013697 -56.64084082356632
2.4260253762047554 -60.935429800420174
2.421249721029524 -61.27307014937158
2.3231474623816477 -61.484566190919736
2.752984319263739 -61.69063049317439
-12.105900869666211 -60.77242404411964
-9.297266875347733 -65.64640694401547
-10.500950289039116 -54.39594288915691
-10.171637754854368 -64.85073387914298
-9.438895922540715 -63.535691269445614
-9.974376080710806 -64.6037670209033
-9.623899025342771 -64.55582722810733
-14.191831204239362 -55.72210928386993
-12.31318979813998 -57.67884530044277
-12.451151116359659 -57.698614980791895
-9.756697930048233 -62.353368241445956
-10.891589956191337 -54.04781932028206
-9.794099524993317 -62.45783873327738
-9.74119641747726 -63.14803428052179
-10.041929651522588 -64.76707743664267
-10.17238504548173 -64.90660739226756
-10.154869314008296 -64.92205295390718
-9.90744883547962 -65.189681853936
-11.001829633568233 -54.00542392716596
-11.014742840754158 -53.994136082816404
-10.251137145022648 -53.97395278291423
-13.005650850179123 -53.310608420769164
-7.522556849068899 -55.65701071159108
-9.361605872793021 -59.37788373840114
-9.275081328305196 -56.43605545278552
-9.79005302061728 -54.84769067774604
-9.596360533700418 -56.37581041966843
-6.854844661701751 -59.89867983811011
-9.006758742323145 -50.01546847044829
-8.629454318173009 -54.87653141440838
-9.187537165619476 -60.51867831499428
-11.27348809503652 -55.476463167410735
-9.12031002173541 -61.410227075235355
-10.079703334799332 -65.05278872360635
-9.76270518557349 -66.82794561214881
-9.992804709558861 -65.19673865991467
-9.982543996764406 -65.16076352206505
-10.071748966427364 -65.13918337291909
-9.978372430587553 -64.92503537846429
-9.852415226409812 -64.93531802491518
-9.899403906311678 -65.15066624986605
-10.100635340888354 -65.07594411749821
-10.055763470604596 -55.838484431896596
-8.965458080162755 -62.23285042800753
-8.98417778391379 -61.473617726353275
-9.916191732639808 -60.19425929662079
-12.132717501053804 -56.997232873517476
-9.935756198193173 -60.20263972284406
-7.884109051177287 -54.88568543467123
-8.520283082118882 -54.993927748601635
3.240476886384322 -61.611333053946154
-13.317607454668709 -61.49443097273388
-10.921042515350319 -56.41825618237939
-11.937707137701794 -60.567119935908536
-11.97655305606373 -60.52446351206349
-11.934662025321682 -60.64260456249609
-12.06783288395485 -60.4429224177651
-12.302554612790324 -60.75091887379441
-12.261455283302102 -60.51499412777532
-12.224887064976244 -60.65508460394759
-12.305323550058839 -60.76474930631857
-12.918252588909343 -60.59331439723465
-12.140519827438965 -59.869517198580795
-8.901751199121318 -62.484773680548855
-8.993937218622133 -61.47001888873685
-10.995073438273911 -53.978146748888015
-13.216242581333342 -53.36083058924388
-10.24825903230098 -58.1849458466018
-14.223511818907255 -60.15830495379179
-10.249328011534251 -58.17016386915581
-11.912610400059577 -51.54551009324236
-12.564323443146183 -57.36530846589034
-13.229687336125671 -56.85313737728319
-13.631117877105318 -57.03731658558266
-14.256124986134466 -56.41283074722153
-9.254424216105848 -60.89345869156098
-9.268084371494252 -60.40561882866683
-13.527723910529065 -60.32771528140469
-7.835176343932699 -61.15527461177193
-12.496709052540844 -60.60850854602016
-11.489593221361323 -56.80493991398791
0.6020629406648387 -60.670793407673216
-10.23696094518179 -58.44598157360503
-7.067992404823025 -59.30074259974573
-6.998837817799029 -59.31032164239685
-9.708331976402615 -66.2348779746954
-9.139587698341046 -59.07564600275721
-9.283545586554563 -60.50692216183098
-9.334727725617038 -59.42476217588834
-9.333231339156105 -59.37866630560334
-11.683404898612213 -54.18980517267986
-9.35989272828646 -59.60949310346363
-9.278409738975462 -59.51258611794167
-9.966226602034903 -58.246480898011136
-10.229913892695947 -58.44912008627665
-10.263450214365935 -58.165553351722814
-10.281589582089083 -59.460116099586074
-7.91212895936659 -54.702917697739345
-8.539152356036148 -55.016436762211974
-12.602471290449392 -51.398385422291256
-13.07421620624786 -53.37265218994105
-13.244520897921449 -53.36071792112966
-9.260956325043948 -60.88901387099839
-10.275646127619943 -59.633738648053615
-9.860497538945141 -59.10716941258635
-9.354683776471374 -60.3403114235719
-9.359037982746381 -60.31526559686486
-9.486266387316832 -60.3683908690325
-9.318666008776542 -60.41045786124513
-9.583608278700765 -63.29545610710993
-11.055547894927775 -61.416823588896825
-7.852965637373962 -61.143978823587005
-10.160317053077636 -59.11470134306741
-10.77529892217632 -59.219120605397976
-11.108999640455512 -61.417612316803385
-9.938504085599067 -60.1316209907301
-9.872773381053635 -60.064575647273905
-9.967297672395034 -60.047075265924974
-10.514161919622241 -59.46520251796339
-11.119301662313458 -61.42016983804566
-11.903543043267385 -51.498139625294456
-9.997497742670168 -60.08518006357882
-9.362010134770872 -59.7604382465832
-9.797737690174522 -64.82959561939082
-8.929969492669533 -62.54636990586824
-9.846503704869653 -64.48102977182077
-9.257090665452825 -59.500993488238926
-9.484410452200706 -59.50326339032944
-9.252154015396929 -59.04367749221076
-10.496264903474495 -58.58650011948966
-12.28196916443753 -61.24166983255802
-11.424589406605117 -56.871092911852315
-9.476419807861314 -60.317401589213794
-7.1777628333756045 -55.00544438177973
-9.378452982411806 -63.58302634474731
-11.896677645022868 -56.20180822944349
-13.082984190134674 -55.13607831590573
-12.26713589973161 -54.757025798668195
-10.439600851964673 -54.340814661716955
-11.37395654790429 -56.332571922065405
-9.257503160132655 -61.1609369146935
-11.273522869550476 -55.483823076700084
-12.654433944726883 -54.97729326591443
-12.26402481172174 -57.178433214242354
-12.483355376004328 -54.5050187554397
-7.249942172002606 -59.49253479282724
-8.959185364324197 -62.21802048408833
-9.36627812240698 -64.42328508672857
-9.270940952831362 -60.99077030210375
-11.454322245029317 -56.90589984435147
-11.663021089970703 -56.709664122054924
-9.275684112892417 -61.16332562984224
-13.172728216208194 -53.77969983650059
-9.565295266357449 -61.878242705709354
-9.54200863091156 -64.43090387021978
-12.354400148109052 -56.37308185945154
-9.676094601466234 -56.72336682782077
-10.120044247164024 -65.2078039482943
-11.412286637390325 -55.02687339778287
-9.742864987323538 -55.567509550006875
-11.35972335094312 -56.39401216735216
-7.508292360446295 -55.62365402523139
-8.632290480988042 -54.93211337362513
-8.526715268666162 -55.040360646810996
-9.730465465156689 -55.5218347964759
-10.611517176431484 -56.47314003244864
-10.469417935367648 -54.496645198085595
-10.556035643385478 -54.68506133217999
-10.415871856734883 -57.78018071359211
-10.017430172762417 -55.969910759874
-9.931014395910196 -54.80000323188518
-10.544762358890331 -54.61790610265835
-10.49011118363069 -54.38912515776328
-12.468706983831801 -55.04191468327455
-10.655611318739274 -55.194635187775646
-10.666169198541505 -55.22433564782779
-10.629056225526835 -56.47391757176846
-10.558455558593757 -56.61856906985204
-10.992571347098995 -56.9189214068609
-11.878781540604006 -51.52378017558365
-11.880812881517596 -51.54885713597452
-11.852098859311047 -52.26568486239325
-11.665627985244111 -54.20112517649247
-11.584852807174038 -55.38937175763701
-11.590440757515882 -55.54622437190596
-12.445147433583553 -56.533543277900165
-12.040247654532742 -56.61920352575715
-12.226710812770492 -57.095561366174586
-12.572683272607183 -54.891349657377134
-12.616179197733288 -54.89630562854991
-12.826617016906495 -56.82424737533684
-6.8358468243066355 -59.27953777178939
-11.368005477676105 -56.6941947546277
-9.273083200766404 -61.00803676005126
-9.263421692315847 -60.3083370695979
-10.989399371483852 -56.93757997172396
-9.5047083633506 -56.412187743596824
-9.748266277582879 -56.398450118168824
-9.504926627828 -56.39401185923915
-13.22657607167821 -53.882288183342375
-13.918242071701753 -56.62830754720381
-8.56331418389273 -55.00605792809389
-14.181600867426868 -55.726602477021245
-9.24010668204938 -62.4385654909689
-14.0721018721649 -56.12020761871055
-10.427303702232075 -54.045625887422005
-10.634110359385478 -54.36618249594072
-10.676639620636433 -54.364130492444424
-9.384889935064232 -62.380796693433545
-10.067921609327815 -65.16531599011921
-11.393118250703786 -55.0241131395633
-12.678314367254483 -54.69137164712764
-7.8746866906380255 -61.38527106139286
-9.598819002863255 -63.00322535485541
-9.62812805307518 -66.02679354878579
-9.133808940240666 -62.52674378622623
-8.853401563112897 -61.42429048885178
-9.051086074467225 -61.88558042446171
-8.891805194357332 -62.23943252023914
-8.954927990918934 -62.208239706500066
-9.085878926885677 -62.58169301096773
-8.978136425843047 -61.601181903040604
-10.257295994555813 -61.90086172700266
-7.986106251244748 -61.3296071345574
-7.847971331993333 -61.760875103950326
-9.033190869343104 -60.53140061261544
-7.792447786977537 -61.71769537382008
-10.27507702781672 -61.953361261174855
-8.966374213640107 -62.02269407314591
-9.014339435022846 -62.10383873144649
-7.931829732344167 -61.7606413935359
-7.802595847184361 -61.45018331277238
-7.971718938665189 -61.229449518385366
-7.9715539034302765 -61.30408491461926
-7.9440896717628595 -61.77295853909042
-7.975217092950209 -61.77462198039999
-7.898579181652327 -61.712324583536336
-7.668463055596868 -61.221286031253925
-8.02982309745765 -61.34826610403684
-7.8326162424466315 -61.800351745016016
-9.551246644462811 -64.42255239405632
-9.519151165778666 -62.92865444874913
-9.374307279001217 -64.47317011130426
-9.558092266567776 -63.26240138467059
-9.415555879483346 -63.26221049771275
-9.230649996903509 -63.28556171289126
-9.242979022480213 -63.283605157761755
-9.68259438163954 -62.40759307441071
-9.285515867892448 -64.43972405033774
-9.638246696970764 -64.07854462362182
-9.559913034603682 -62.09915936639481
-9.749511705288063 -61.88650495715548
-9.226639824273422 -63.26350289334933
-9.624553796234416 -63.093327930881145
-9.219634134771722 -62.58155495419297
-9.357370580247304 -62.367954679324896
-9.16837762000192 -62.386702389348244
-9.423894587556312 -62.10639107139333
-9.214236986142541 -61.161856735977366
-9.216504223188279 -60.3540013485871
-9.31784038374393 -62.31853986875866
-9.625626323661775 -66.4359449050184
-9.577162578605675 -66.34998132120235
-9.656529084080358 -66.27476322100848
-9.683098142037572 -66.5632181327544
-9.39084839686921 -64.43086618749562
-9.658869497358266 -62.06347118583195
-9.670193408454365 -61.8672330132886
-9.723252195551911 -62.22115272150872
-9.686864438997613 -62.29186835718563
-10.24608915823524 -61.92794789164499
-10.169846757455128 -61.939236760282235
-11.487425866761878 -56.69929245200154
-10.092030733149272 -63.54121876320846
-9.958843544528575 -65.24450995993399
-10.09550354906051 -65.09399064429114
-10.11774648310116 -65.0566128385488
-10.145860520311043 -65.07728987280663
-10.114902416709521 -65.01559514859984
-11.650099796125247 -61.06862618717126
-12.29469464754545 -63.99565339027376
2.8850994128238687 -61.53872499523825
-11.829557608112072 -61.05949619134866
-10.002275001296933 -65.08998809106473
-9.551631897840416 -63.997343465693056
-9.499110387053026 -62.1890295210862
-8.996657839314528 -62.105716433756385
-8.956823173680936 -61.99582354268817
-10.253373593837336 -61.95496146203013
-11.421762052030287 -56.65840653885182
-10.487910710666867 -54.529497614671065
-11.337425717162292 -55.30612641678879
-11.371933354125519 -55.02853844061276
-10.209881192630672 -53.87694270242388
-11.610433911219767 -54.14857702280564
-11.610210559276446 -54.45711987798824
-11.64479086073345 -54.396873190841795
-11.715274788866113 -55.11297678482557
-11.90148365190974 -56.89909019770109
-11.215943310117993 -53.839723586576554
-11.090742778810776 -53.87196193753123
-11.303740903876054 -54.304912489982996
-10.886018381795903 -54.6178135221928
-11.244135896714287 -54.68312949373263
-11.659297684639078 -54.47779912748002
