-12.589984991852598 -52.51441376930235
-11.603160003984973 -54.531067405030484
-13.0545063533293 -60.204568774012145
-12.434720767006207 -57.71935910906655
-9.041962117709508 -59.220876004864806
-10.395000731961913 -53.99397782168786
-9.180223963547062 -62.03692396405977
-9.039185675932721 -59.229848120390024
-12.057393606609452 -60.93018864961243
-9.835893377693374 -58.5292511318851
-12.900226546581724 -60.29663341039442
-9.834474605378919 -58.090107521245024
-12.98002776882515 -60.04205818391381
-12.259285102344675 -60.5482726530326
-7.797517875658638 -61.17890569160108
-11.678500421444973 -61.690638439929266
-8.865025544739275 -62.21796217066907
-8.839245148695545 -62.310329280910054
-12.929718793146481 -56.790116034615984
-12.382960541120626 -57.664947435271586
-6.991284928815967 -49.125015415627026
-11.446112463013746 -54.95107329092155
-12.75199331460348 -52.01131774923295
-13.475922802569782 -59.915852919700335
-12.447778038816825 -57.800371951844006
-12.396494823639557 -57.56678613455456
-12.369647531281418 -57.86361743134386
-12.224777354617968 -57.87756403171985
-13.557500369316829 -55.66709300285776
-13.868790872163135 -56.76801070865793
-11.617865329211073 -55.027829223754736
-10.2557787932217 -58.15350433299756
-12.276731449832042 -57.835426153943054
-11.82088253257825 -55.204108354450774
-11.887164536424219 -52.26659682455385
-9.433388575045075 -60.3548025765414
-9.032626937486736 -60.537046401335395
-9.040309936411983 -60.52949114640212
-9.271559940632354 -60.340358192348155
-1.7736413839015155 -55.653941240896884
2.0919021402227695 -61.82930211411073
2.1532134727976873 -61.83235281389372
-12.9070713928066 -60.2681888753715
-12.927293582664522 -60.12512547079827
-12.070206755905158 -60.960949592707365
-12.827303214981457 -60.25580375690839
-7.844241147445487 -61.148348513042095
-12.0557188946815 -63.37530451887255
-11.9141560039702 -63.59311118016667
-12.114938934385219 -63.89478210344402
-9.18678604327011 -62.257867688946696
-9.198131860157282 -62.29264077320998
-13.423732316679164 -60.88159899761312
-12.20986108104251 -60.8922019658892
-12.253717582352442 -60.503377627215016
-9.569951433984393 -64.21336180657406
-7.99620942835325 -61.32234157994978
-9.483024909682424 -63.858801391274916
-7.4853754268174395 -64.28000254345407
-7.482650924370263 -64.26560105827221
-10.399007964164195 -64.18701469908878
-12.407825104514517 -57.615526140545974
-11.275347477620196 -49.90317794702156
-9.358501252808813 -64.54486546859759
-10.456672011745848 -63.981901485918776
-12.050961849737691 -58.09407677925404
-9.599047234746017 -64.6522845030412
-6.050188834106553 -53.3465499015774
-9.21330325077404 -65.36607521627766
-9.634277536457358 -65.66015013973097
-10.184349861061959 -65.20268916726407
-10.025228676428023 -65.2115423765978
-7.903486492375779 -54.7991276745361
-9.641813548822821 -64.39613314974608
-9.649522963113892 -63.60366131215298
-7.750673024622788 -54.7773041298547
-10.319611256871523 -51.75973029057211
-9.63105969731952 -63.806512992818625
-9.628909124589331 -63.68489043466556
-9.333983570539102 -65.47610093241966
-9.308723785035852 -65.47455717204826
-9.955712765427963 -63.87724845639412
-10.162815093496185 -65.25020420321343
-8.266369265690434 -55.2229891520508
-10.05917508942445 -58.33865258463358
-10.438012630600468 -52.15484364872073
-12.322512515380868 -60.82645760570567
-11.957255105780206 -63.52144054356024
-12.412109378624162 -60.461035159035674
-11.578009884995208 -61.43417418355397
-11.638099190803924 -61.38216261173506
-12.037229688454364 -60.955100210480396
-14.479192592555098 -59.98266414889862
-15.463064119956048 -59.52648059890308
-13.980682220569415 -60.1122158833945
-15.491925920028411 -57.62904141816432
-12.62160451581843 -60.41337074234717
-12.599542624913239 -60.43367189144556
-12.654836931701357 -60.6153669334884
-13.183690823135372 -59.89150721472242
-14.29828242637117 -60.09645835204458
-14.924652457982504 -59.13983591582145
-15.588353795987105 -57.62159674969134
-9.678155486564634 -63.078429911664735
-10.545841010226805 -64.24016938066438
-10.34488797715853 -64.97194271481233
-14.377446111968329 -59.90737536924663
-15.49909042985412 -59.89496443974016
-13.676255561712852 -59.83598971923871
-9.777785489787789 -63.12478504309279
-10.07504246417436 -64.94609410490534
-9.784852652903322 -63.1108813561449
-10.3699961819201 -64.41392688605903
-9.97911627924719 -64.77748325815503
-9.901369712321873 -64.77475045501983
-9.890249998297666 -64.95352213317487
-9.906432756404453 -64.96792075170816
-10.148277509478504 -65.00650101625969
-10.036435816217189 -64.8670325005403
-10.304421694897485 -64.93644864439041
-10.36684496318504 -64.39683967935004
-10.365046525036933 -64.33498624832437
-10.288629292539675 -64.15066844499277
-10.347941820002823 -64.0724554133444
-9.899811346128693 -65.20007298077903
-13.288316331986032 -57.05855794383511
-10.32120065109481 -64.00384827192983
-12.567293793134867 -52.52510016513964
-11.318722132763822 -52.1905153171467
-11.893861493140927 -52.238534353529936
-10.248557216422993 -54.008881001198226
-11.379081516540984 -54.92404832860407
-10.82063663460503 -53.76587118588093
-11.089661072099142 -54.06492649892097
-11.092581483232099 -53.864390904852065
-10.812465858511532 -53.764819080584545
-9.198530144109604 -62.583582840519
-11.036785616849796 -54.08223044726497
-11.517342309672573 -54.222465622445974
-11.407401474257352 -53.9149585175295
-11.92317763521728 -54.919336048313276
-12.44804732080894 -54.412454577319416
-12.37080335102565 -54.539441896286526
-12.603822956727523 -54.87900407122432
-12.606268118810778 -54.871869356365806
-12.41824054054946 -54.78054668914134
-10.824337030793458 -54.61472805439333
-10.408522467052203 -57.33182375394765
-11.747061688272833 -54.551725993940046
-12.069133251479705 -57.446094925574485
-10.174939755854927 -55.69030119907929
-11.358202667306387 -54.715029906171694
-11.514440384128305 -54.23507214420882
-11.481857853677148 -56.70280329023832
-10.45082194778044 -54.59313897198435
-10.825270805243845 -53.75733432801568
-10.814161413435183 -53.754409427416306
-9.769881140189469 -65.84635178393634
-9.358523483718345 -66.56705314916607
-9.597849197525795 -66.57038534833431
-9.637932979006743 -66.28048056252132
-9.695673333174895 -65.94566510272719
-9.484467381734062 -66.72611376709054
-9.511857599511979 -66.74323747958572
-9.496235737662776 -66.77128584116343
-9.511815177015876 -66.76884766192342
-9.523208748681574 -66.59439989827916
-9.50512296058441 -67.45893271143301
-9.302596746930185 -67.76465863928807
-9.322529485157327 -67.4384050164872
-9.394882279955766 -67.4607383998154
-9.511886823097978 -67.46662859601065
-9.536052658561612 -67.4203259092184
-9.592629982076078 -67.60985171557407
-9.436204025457528 -67.33260143670799
-9.935010885764214 -67.10853574367788
-9.495250864990417 -66.7609575603768
-12.656134220090719 -51.98633876170149
-12.049706869326606 -60.96859417800669
-12.702968884881574 -60.385732255658006
-12.88266111644699 -60.02458978159904
-15.555122177704193 -57.484386132323344
-15.397151627792198 -57.518266456709135
-16.23111705998732 -58.601483515444826
-14.380910871449545 -59.926170176226144
-9.953669664265329 -64.94076700531221
-10.339034668432777 -64.4068572588294
-10.288063211977752 -64.44781338160294
-11.524295219846442 -54.21991821763489
-12.287186657651816 -51.077496125788464
-13.392125348134721 -53.70807148194473
-11.596223264097796 -54.16203227524407
-13.17869665084539 -52.29527406039774
-13.168926331791805 -52.297339585718085
-14.665995456361207 -56.817485932885575
-14.191118179563082 -57.13296586800479
-14.194847454432347 -55.71862608098747
-13.245773640227181 -53.844806995297944
-11.695625125541644 -54.17192638770453
-8.212079029443439 -55.49026697547974
-10.194733701408715 -55.777013853730175
-8.975450812392141 -50.838486390124835
-12.15469128253403 -55.073137004505476
-12.127851873722047 -55.08451062666087
-12.641332207029224 -52.44419180736363
-12.872721715013482 -54.809151410825116
-12.47709364552856 -55.041701585246955
-13.251357658708455 -52.558002474696075
-12.269029427601554 -58.197606785539
-12.062617350646411 -57.45647682990123
-15.479829798194798 -59.52648810556907
-13.752205272655084 -59.72836432020273
-15.999481871047164 -58.34282957436902
-13.3238942403428 -61.48660208329929
-11.578279363443338 -61.445373503684955
-8.85445371219508 -62.22532362553731
-9.214424228283713 -62.51005865809417
-9.808203240426138 -57.48363034737188
-11.881631958753792 -56.20594817354729
-11.84238744479889 -56.57559846238316
-12.418954232764069 -56.28894789387823
-12.233814280755215 -60.84621068890064
-12.00808835509498 -63.68516772590536
-9.593079371490239 -64.26253359284358
-9.53031723971338 -64.27657131555205
-10.352780165183193 -64.11619231942346
-10.29159615722074 -64.13212324658299
-10.224114837034334 -64.12403932657834
-9.822086886212986 -65.16838983420631
-10.125741379820095 -65.08451881781914
-10.048586074899411 -64.82697123073639
-9.793396677676776 -65.1778076080223
-10.1383288762642 -65.06808808403186
-10.481190156960938 -64.13332494234622
-10.460360848546838 -64.04890536638449
-10.408554410118732 -64.1363113559862
-10.380476705875553 -64.04034503063494
-12.219666006576013 -64.17422960486094
-15.470927627332339 -59.52595815069357
-9.908623877810196 -64.9950755745543
-1.443199356312894 -55.65178452013884
-13.668429173012445 -60.66283275138196
-13.420882668965296 -59.94024464321287
-10.015399440749768 -65.16838926443978
-9.633164282350076 -63.70404862459662
-9.631130313564416 -63.722585188063334
-9.624619915443992 -63.7367805769434
-9.687080845595089 -64.72907700148777
-7.934989471251887 -61.47853640084981
-7.437949115584919 -64.4547421165697
-9.396245853542771 -64.57802243669163
-10.552918374686751 -64.22615163178058
-9.687755458168427 -63.83879963538724
-7.502485326754761 -64.27812788786773
-7.4915987162178554 -64.25570582198388
-7.756332026333738 -61.34780162352121
-12.878320198438974 -56.784591752835524
-10.092608418467762 -58.914172675881744
-12.445951780899302 -57.809258600903085
-9.981850233908075 -58.37536640314977
-10.295670066571155 -58.85329297919304
-9.30104341111376 -62.107084148465916
-12.856717657236302 -56.79420539847362
-11.87351476091408 -58.53855265854005
-11.804998233719248 -58.85068250853073
-12.257138635812444 -58.18603417934538
-12.227030960735046 -57.7296710218754
-12.09727189257184 -57.7710085003194
-12.296274705181304 -57.83815303942873
-12.622401520679913 -57.05589729691669
-12.284752529581093 -57.82045341177784
-13.213398972569252 -56.85083546381347
-13.20147636317237 -56.844193750320315
-13.240815919942825 -56.784928360424246
-13.330173437278424 -56.662574365279696
-12.914685247784984 -56.79803529325967
-14.387177712208523 -57.50382177549588
-14.255934317282918 -57.017728948288934
-13.88756701030779 -56.74602214375988
-13.321324467256126 -56.674722442795016
-8.230545867332035 -55.13563900534381
-10.454639748464965 -52.13585640889133
-10.190134268795056 -52.649864809404534
-10.436321763255195 -52.05410227013715
-10.302608564125796 -51.61477416614243
-10.448034358892984 -51.92426209959503
-12.104102483035698 -52.50446991681173
-10.138377741244154 -51.65148573440964
-9.142675773674988 -62.58781422582052
-9.495738969544544 -63.54246384753256
-9.77158868921191 -62.941470300906815
-9.880703377209427 -62.914907783564786
-9.529911237257107 -63.57232147755944
-12.167118598187473 -62.96099035073861
-11.933510132449877 -62.8539713175286
-11.879244373247465 -62.767708106381654
-12.042838148663545 -62.95198111189774
-12.415816457582075 -62.08780455039041
-8.654058902451938 -62.98910633083024
-8.63330118274815 -63.04439888981498
-8.684588511274603 -62.98968741987215
-11.531496508593056 -55.63824383466441
-5.510499295857642 -51.40079721086018
-7.045304335109698 -59.30320093624733
-6.982964879899247 -59.40728879745828
-6.987265001824699 -59.38936697775659
-6.9013600756756155 -59.971261304755544
-6.9365247035068265 -59.31048411181909
-11.896494765314138 -51.501590531502764
-9.072236902775371 -61.25766223068541
-9.008735726628384 -61.53585249603434
-9.076805786941655 -60.573087949738124
-9.09420106065822 -60.37260317765876
-6.70285042702964 -58.902614235557216
-6.719130543049895 -58.895660320058276
-9.045152428288288 -59.21255167619067
-9.108249284737248 -58.54161580240354
-9.613325696248184 -59.34422332430404
-12.376241236282539 -61.27393226959376
-6.985695136636316 -59.10106952510162
-6.82472168497257 -59.18047243979319
-6.856428892818419 -59.15480340686086
-11.791446809758595 -52.51315833359412
-7.156657097095451 -49.33256862012497
-8.647564226358941 -63.050340788901416
-6.433898919492385 -52.649441306551864
-9.102283057535821 -61.254337735419846
-8.302485279710522 -54.76302709398037
-9.127889280982556 -60.479842688753045
-5.716749736812044 -51.541803087731466
-9.760882820872999 -65.84304705202145
-7.180540296868236 -50.41565893994233
-8.59715628797458 -63.02497727118244
-9.971525211599051 -58.34045626611446
-9.621792736020637 -57.51397789760819
-11.47813640952139 -54.320736450947656
-9.415772663095897 -57.43694221169675
-9.64003874155907 -57.94085825896444
-9.346821158291817 -57.57688803646847
-10.260594109799653 -59.13401214891625
-10.230765447060065 -59.136528764093484
-8.129597240590895 -48.9785983497809
-11.682368223103852 -61.69575301328194
-10.250728038523476 -61.8972236903295
-7.0285227220219095 -59.96829994982147
-11.824325902482297 -52.3713962846338
-6.905013017958822 -59.89515535157988
-6.914112586195578 -59.877709330818725
-6.874958214358997 -59.926731690844385
-6.9346000195577755 -59.73791111011586
-6.908455475041616 -59.7182579893754
-12.246583762689134 -57.098658428318124
-7.909137095548815 -61.78286230833664
-7.862065525415039 -61.7846438213397
-10.225920655132466 -64.00735731396561
-7.578028067225884 -60.84964101724375
-7.699974402336102 -61.25577610322023
-8.673249149499702 -63.10689660926315
-8.35518566019835 -62.868567598041835
-8.349194611569724 -62.89911527372492
-8.335299229163693 -62.90325497308363
-9.306401626735274 -59.07371852048169
-6.9213470368407 -63.10305888019952
-6.870633735183801 -63.10610277207291
-11.646876874663672 -62.7021875138704
-11.607721446029526 -61.05566018418318
-9.228170369050854 -59.50773442059539
-6.73556346095147 -59.395524943625546
-7.031057531856545 -59.66799977766957
-8.653563928956187 -67.137490515665
-8.638912946683378 -67.23863713242729
-8.64159589140283 -67.2132844988261
-8.781916598355181 -67.20147898383219
-8.840329252256762 -66.64585499650613
-8.74228656298939 -66.61781832081985
-9.213123090602517 -65.64963691099284
-9.216016741944264 -65.52162234955138
-9.152185815243367 -65.56014494231242
-9.5311749261879 -65.67285119644903
-10.44781540235571 -63.72480948538536
-10.452137421923615 -63.765725639279346
-9.551362645089052 -61.64312686613176
-9.308684612482475 -60.94390140642335
-10.174894876268048 -63.16431888483115
-6.6646388676788115 -62.97001290437204
-7.0488306024088505 -63.119762739768184
-7.012545286676469 -63.1164692260213
-6.857532346879678 -63.14116352864346
-9.20914089018434 -59.46844249024563
-6.961957203153068 -63.07447733708113
-9.207304526447453 -59.59889846811141
-6.799775824978672 -52.778133061275355
-6.875344611481607 -63.07867904544096
-7.483736953768416 -63.71537390212195
-9.128867409575822 -60.54428189561582
-9.23369639630707 -60.875845009343244
-9.657889683995611 -57.3681626871105
-12.23644961960152 -57.0922389153972
-12.404403214723084 -57.56027421448083
-10.057204995143827 -58.32620650734134
-9.681062595506571 -63.84969167921474
-12.440579826160883 -55.01927882463221
-8.597958186459168 -63.34375528461566
-8.609380559481517 -63.35562658446411
-9.491234357353859 -64.28017568747721
-8.720121030979662 -63.22357205297286
-9.022720516896001 -51.49118209957853
-9.029958351037907 -60.519237131048286
-10.696840629228145 -57.5976113394131
-9.076873149153357 -51.45532306969645
-12.504628853196582 -54.46313789347383
-9.054683342918247 -50.29139320752549
-9.057937472698958 -59.18160430194289
-9.291942268417278 -64.22689262368321
-7.446926884122524 -60.54059013774195
-8.599946041466332 -63.13871308838611
-7.200841500546062 -59.79195277337978
-10.616060899395823 -64.09500722498203
0.24609130190271442 -60.55936039173564
-8.451268353737685 -63.84780986349656
-9.520503024757499 -57.86871010585844
-11.592473257458558 -56.29025148303989
-9.635300714090596 -57.913907950940086
-9.486533978992565 -57.60902936849825
-9.392085467115335 -63.261157937086125
-9.45917211956663 -65.48363955868417
-9.652300931943197 -63.797551598997075
-9.663868068155208 -63.88643387922056
-9.687893825082467 -63.69347416575589
-9.536933071062622 -63.57386639935165
-9.598127181809387 -63.76406152642563
-9.413301345659363 -63.651588041040725
-9.302533383486292 -63.73141442704699
-9.556602282048981 -63.195378538295124
-9.678899675975197 -60.672554771546835
-9.592002223989338 -63.46268587206049
-9.638257974748445 -63.271897382815574
-9.515477006328362 -62.95095891758289
-9.477126017915523 -60.33513224784708
-9.32984291515067 -60.42392467207927
-9.8915005360668 -63.65292939779482
-7.071389017395757 -59.44687428614091
-7.1704431848400425 -59.71013340222302
-9.320099543510318 -60.32799873168004
-9.313717578186465 -59.60634785215583
-9.32468023180186 -59.632237684133386
-9.57410057759912 -59.73200892669708
-9.89283745503284 -59.993584945449285
-9.488336804061138 -59.404036528425436
-10.220718696638706 -59.128650126892445
-9.959183630291442 -60.08238182880597
-9.891556225633682 -63.609412531291305
-11.84643712131256 -60.49350252260639
-10.176787896920908 -61.947558932307096
-10.204993950224408 -61.92982975028678
-9.94546566249521 -64.29906042291705
-10.149918211915123 -65.09742252963353
-10.216372790389109 -61.944160573053026
-9.888709998265528 -64.17467859406392
-10.598248081223746 -59.37186576211838
-8.125556603703078 -62.852416892677454
-9.91299137520997 -64.26981936624905
-10.461815447467897 -63.34778794471328
-10.63426754147127 -59.24547445929874
-11.51868370802618 -60.77926388017178
-12.229727239986115 -60.76144358237614
-12.86691693259316 -60.03056273120415
-9.995379718302921 -64.32931820463018
-9.750069588802905 -63.84562584456011
-9.74753135083836 -63.408750713805695
-9.20256722827365 -62.593585211104795
-9.400324428107528 -59.64091471359038
-7.519164002846074 -60.68856761353723
-7.208297786762478 -59.57495136219737
-6.936648819242368 -59.45112262653291
-9.554974226966605 -57.545552045367224
-7.087631028865917 -59.44432371153936
0.21432547859314433 -60.43599292122116
0.09256548721516134 -60.45740115695594
-10.670047711629469 -56.24205934642902
-12.289357139718321 -61.774493358968165
-12.553760340548381 -56.33339038182586
-10.339385849383739 -52.1119660460211
-10.355278838076666 -52.153148187889734
-10.180247744583346 -51.97400888734542
-14.244556935286978 -57.01712288385464
-8.616853143388388 -63.177253174592636
-8.668499805598172 -63.176472481992455
-8.651983008654842 -63.179025862199545
-9.1218464922571 -61.16930510568891
-11.532192786268944 -56.82760167143948
-10.120269768435511 -54.32451815026674
-10.295143005861526 -51.85255177322458
-10.465046264805276 -53.67543901573285
-10.081613284870764 -55.181217808909636
-8.571751239292734 -63.30259657730674
-8.767293577380663 -63.19672363600726
-8.76975460794939 -63.0765797294096
-11.996564955601524 -58.36664078768596
-9.426909261219299 -66.54066393619132
-7.934735804957524 -61.7717239266651
-12.32654280866715 -61.802324401395204
-12.334452535425513 -61.246638236883534
-8.239540800938226 -61.389165386647
-7.774805466020659 -61.29236073955891
-7.71274239208495 -61.28015316877337
-7.970014336892088 -61.196872016011014
-7.982877161959051 -63.52037070654892
-7.672085886708176 -63.373032372659885
-8.61102541925612 -63.374387190286
-8.578110189725347 -63.301118925135455
-8.539000647578625 -63.385364311537025
-12.415224816323592 -56.283004984675514
-8.28674683636088 -54.82905475637698
-9.034982479477403 -60.52489000967205
-9.5631197093316 -57.15596939065748
-8.244675004648842 -61.51260541114881
-11.882711416189954 -51.533426335399405
-8.65100236009144 -63.09559889776866
-8.160748472526214 -61.3615116062652
-10.9440060411058 -61.42274186854004
-9.11924429207587 -50.345718226822406
-9.177637850989878 -51.41356947296264
-9.096033080404446 -61.30421198606931
-12.483093117960484 -57.7336904005088
-9.486094758532907 -56.053889341854976
-8.9856177311754 -62.5424462810414
-9.129310043188754 -62.525520944392234
-9.098476886851692 -61.138364535230785
-9.129772864900165 -61.348863901423776
-8.659469843178792 -63.00747351207901
-8.731685000564013 -63.07640738591314
-9.627100837145012 -56.98817093651506
-10.012375158047313 -54.051951752313194
-10.17830954068827 -54.18764018690893
-12.424777425151843 -56.28522617756287
-9.396568527376234 -54.59699719868737
-9.243907808631045 -61.47495661193262
-9.151876833942366 -61.93386471685212
-9.14610931727764 -62.44802232735809
-9.22301295241268 -62.27547031492117
-9.177459987138455 -62.39362696831578
-10.081091853632085 -56.74918043742095
-9.17239218663449 -61.77890220796448
-8.991426092287979 -61.48025820487217
-9.274550583015008 -54.49208314430673
1.087821781181357 -60.56520366897025
-11.792294629363292 -57.11276750716481
-11.743597768598937 -56.33799814064978
-11.486992091983511 -56.70551447208917
-6.042215930524212 -51.69976031384587
-6.041228855072162 -51.67858590847785
-6.022425976833264 -51.710118139024736
-5.580961178565734 -51.29770506182318
-5.602900124338657 -51.298977242094786
-9.793981576369212 -57.13107044178589
-9.184610622127739 -62.078051717972045
-6.930047069290909 -51.32011104356962
-9.0789728924878 -61.83277168775808
-9.129826252796569 -61.983897887191226
-11.477898629945797 -54.35605926995254
-11.568485369152457 -56.35210300048575
-12.410380418341006 -57.63720809023359
-12.237827857715375 -57.10181110474384
-12.547521722864042 -56.328895706847675
-9.122215456209108 -60.527734540571934
-9.209907951743105 -60.369682106952716
-9.174780563342523 -60.905965278400544
-8.587388220207105 -63.34602507677805
-11.642167313291806 -54.31176587988976
-10.659970538411088 -54.838229283345996
-8.639892602478424 -63.42153542078785
-9.051427935635726 -50.15039851263206
-7.106432048502579 -60.14223541386663
0.9191958770127303 -59.4032421642068
-9.021122676853611 -62.50102607272221
-10.198500142796876 -61.974456833304565
-8.696706039603685 -63.148156762201815
-8.71628917065946 -63.2334647108155
-9.915128226721293 -63.40411974569654
-9.942876972127353 -62.83869896079886
-9.172889383340783 -62.4159463883776
-9.282058605256042 -57.55635278286666
-9.125220346104932 -62.401747195540864
-8.791236591310653 -63.007044187913564
-9.554490172417337 -62.85069406574897
-9.327673479467174 -62.337359452908
-9.355075964958244 -62.34692546255398
-9.527068421037868 -64.23176531577904
-9.225974945841948 -62.40608196706934
-8.583627312000479 -63.0413596055816
-9.296218467037331 -62.07251761221591
1.096050304334166 -60.46834348287195
1.1872872146252573 -60.21254655172115
-8.625100461687857 -66.76286279983695
-8.668873643046236 -63.46832340585888
-8.703317033055725 -63.32630309234651
-11.893296488486113 -58.798958208506804
-9.333058861164007 -57.51404597918315
-11.37761097575724 -58.8511856059279
-9.689112798639712 -51.05942839827763
-10.452060815231333 -52.146531443885216
-10.41204791802714 -54.40495766265925
-9.490345131455904 -63.14959050653909
-8.79819572990664 -63.23234084407592
-10.260488239666957 -54.07751450360137
-8.64563223418858 -63.37353323396029
-8.600370323656499 -63.22139407717485
-9.149559303911499 -65.97031667745037
-9.261472274058796 -65.88146637430035
-9.224701552677631 -65.86121865602786
-8.630791646805019 -63.263377546881046
-7.337989333132616 -50.447082761520974
-8.589068611438323 -63.39208668101753
-9.313496967838356 -64.26901768023644
0.7993925329474554 -60.25577564294889
1.0808665949099843 -60.22198598566969
-8.687922437549 -63.160823704171115
-5.714324879895582 -44.21746120534496
-5.4865035164693765 -44.09807431382484
-8.552914428972027 -63.274050643920575
-8.506120784906612 -63.27550957127589
-7.088239358130387 -50.433811429924155
-9.317364681845312 -63.42004852865136
-9.466128158291404 -63.39133197088118
-7.699816782879315 -61.532890843593606
-7.89867077134779 -61.637363560879166
-9.300834805000143 -60.401355327141026
-10.372527562677659 -58.23474470330585
-8.885669242840667 -62.41806431147488
-8.966129180947739 -62.476946157214236
-9.050023085657402 -63.24118025536027
-8.934290398304984 -62.519535343752935
-10.272616769198425 -58.0921669051826
-10.526603951292515 -57.72168295420353
-7.954094619129256 -56.559712001453896
-11.052507083315929 -56.11913740760138
-9.435563063244235 -60.3436879075347
-9.299371742293891 -60.90093183232242
-9.260028961370466 -60.94328568658908
0.6328650675229762 -60.489161502804926
0.44486759454754665 -60.42242750170419
-9.434958028924315 -60.2998877390484
-7.965428357046254 -61.48573684429061
-7.632082332508957 -61.5439285769435
-8.367020295310938 -62.8567116462869
-7.8067964828521115 -61.57882125305727
-7.7967207103738145 -61.22825314153766
-7.88373927514033 -61.686442766903674
-8.148189624965761 -62.867902978909775
-8.224166835860837 -62.89932963232445
-7.675164108004045 -61.38279319335479
-7.583342146830291 -61.33130294996579
-7.562403580031903 -61.39427595723597
-7.591168018431056 -61.321320983339746
-7.597326404522772 -61.34137940140375
-7.7552240696940205 -61.33701560448664
-7.7009726119524915 -61.07231684487361
-7.854683595035214 -61.67462521350763
-7.889962431757105 -61.56200331484171
-7.7090889385362065 -61.60666559072989
-7.815465672929433 -61.684502598155646
-7.91304220331441 -61.598735210504714
-7.922722443179067 -61.600019885026846
-7.9741894369959 -61.57669682266288
-7.785903730447427 -61.212686102481385
-7.703131699134963 -61.266588015840725
-7.762615882947944 -61.28437135099208
-7.276019606236887 -60.61665958053487
-7.236064004413728 -60.624705801274715
-7.965810643110631 -61.5864363910121
-10.577065699725308 -57.9207779512209
-9.492468139035484 -60.40062599029832
-7.846151368603326 -61.794384145625784
-7.553802859189761 -61.491484821478124
-7.597837621014278 -60.82737308467892
-7.612694941264879 -60.86158856256751
-7.858765040663643 -61.21230264025305
-8.829080537115875 -62.31257289235618
-9.01730667463799 -62.484756737098536
-8.929173150526983 -62.45116077411788
-8.815890752796019 -63.23230899954281
-8.64952225276288 -63.121966990431304
-8.632696449275027 -63.02361125859159
-9.187748454784604 -63.33606278791873
-7.813866440495875 -63.29581717529881
-11.882121196785638 -58.52374019203454
-12.090949616772996 -57.99299999735822
-11.226039156818723 -58.008021370554616
-7.935510560340334 -61.50322631521017
-7.680596774341189 -61.50147469074226
-7.501738355302151 -61.02080048466149
-7.550259583087095 -60.741621801535466
-8.74855754982304 -63.258999386893194
-12.444390677803982 -54.43287591371914
-9.393603361673165 -62.38638252660028
-9.455381911247493 -59.56868713095237
-9.291854670003193 -59.09355795110381
-10.181387140924834 -61.97417693552973
-9.23444106108957 -62.433477637102904
-9.429337098111995 -62.27206744246432
-9.393191296584337 -62.369352669385535
-9.356579790381153 -62.364118186423305
-9.547116093925496 -62.391303278555554
-9.38052916689286 -62.49444809176469
-11.243885572802926 -58.035844149888966
-12.241276379369634 -60.745368250342615
-11.555302607549859 -56.35880971004408
-12.450290106300132 -55.01714503338561
-9.999348017405927 -59.208920449940955
-9.250785154661086 -63.439249602788806
-8.752592651748138 -63.307905206919514
-8.496578329557773 -63.26589972528157
-11.929138169389525 -54.92257452321943
-12.161143639170188 -54.6512101151736
-12.735975931067875 -54.05899529906426
-9.590438674533642 -59.2423151836199
-9.666040307865806 -58.432694093119586
-12.473732322486036 -54.46512780686647
-8.13111933262543 -62.86150515704323
-6.936439099439699 -59.088197752195576
-9.562086606635019 -63.77149217859106
-1.095244142490289 -53.71064457433904
-10.179007628418827 -63.477193331924944
-9.003235838231346 -62.48451652041747
-7.349956899033359 -55.075833650800185
-8.213163562916668 -61.510567905612845
-8.24562634771764 -61.46449984293276
-7.079267883744324 -60.066171794374
-7.076163907234919 -59.37475756362107
-7.196696486731607 -59.60432742862602
-7.175196743204209 -59.54044542014129
-11.37319667498457 -55.08460105114561
-7.158091933125829 -59.43541197661651
-7.155482245361462 -60.01531974469221
-6.958289540947522 -59.0874293870392
-6.744061587470653 -58.86316033530113
-6.9109429427280675 -59.71354230599885
-6.932415426183757 -59.71402288754908
-6.9223781322061635 -59.76958311004217
-6.709187911702326 -56.45287827818825
-7.392012233328313 -56.99193756802491
-9.756601660052908 -55.6219522357296
-9.857176476511313 -55.583723484787676
-10.557354044323057 -56.40006954554664
-11.6405857011685 -54.34033409429211
-6.940042905041201 -59.74924776554933
-11.19055666207124 -55.19433168886189
-9.460149432049421 -63.14089594569509
-10.425461108013218 -63.53377318096716
-9.420302451754983 -63.38974114456824
-10.677511300066627 -61.2171310391747
-9.584248535616025 -63.44277593427303
-7.992773704376252 -63.516625806885244
-8.16166960655143 -61.36847040094929
-9.64642280079048 -62.33312159192194
-9.976484056127177 -59.85092637138941
-9.869430865741744 -60.190447147250474
-9.926913607554384 -60.20363247377699
-9.879639880309693 -60.172884279882986
-9.808210582376562 -60.48848232581119
-10.470973453080578 -61.29242980207846
-9.13276442327552 -66.05314635753722
-9.213921308010514 -65.88240310289531
-9.147343377860548 -66.06330238308158
-9.561101468458471 -57.548353534659036
-10.265940161228738 -61.9548042844075
-12.608081273008183 -54.79371516659576
-12.787504917018946 -62.06996512783147
-12.938705380636131 -56.771725291892324
-10.256948668992036 -58.15973149213498
-11.154469561658892 -57.20803079498579
-10.473240112007524 -58.857985893739766
-12.174795229292766 -60.70102837674734
-10.473070280678671 -61.31732622250435
-10.442023137407764 -51.36732217632082
-10.380617356537115 -60.32815968831286
-10.314213721265228 -63.70047214146716
-10.523518239916749 -64.16580940986479
-9.681394773613723 -64.18177961651917
-9.842355445727987 -64.04800435662025
-9.890353240604325 -64.01974964677459
-10.083620955145344 -64.07482796507564
-10.469823166546783 -63.076846431832514
-10.425933082278354 -63.95386437813629
-9.980234923127194 -64.22497190623034
-9.954462177025452 -64.19898562909259
-9.95396994426823 -64.1873854338887
-10.399523969906141 -64.06387713618523
-9.857898418366737 -63.75255428371359
-10.261483095879374 -63.4395151476667
-8.928168354224576 -63.582154471722085
-5.625130604256349 -51.41847087640458
-11.545457500962684 -56.37477994904591
-11.831570110681687 -58.8721694778165
-13.169446203021007 -59.894530339225305
-5.138990391617642 -50.98464963187345
-8.85147075900181 -61.461788050851865
-8.932489770398702 -61.508230802483816
-7.047655217379861 -59.410366942979834
-7.083189321697028 -59.376043466140125
-7.087043004656672 -59.80889882211103
-12.621784372492987 -57.066710596528246
-9.557445657081033 -63.17385421449211
-9.602551262888428 -57.916224983576726
-9.29948195972376 -63.2345684029217
-9.604938019892177 -57.83070997651926
-9.6217347875634 -57.913386010669264
-12.578130686516023 -55.35766254874521
-10.528467975534074 -54.589877358284376
-9.221186185035874 -59.57317141855364
-9.684162928301232 -56.77512508630862
-8.797755578640665 -62.60669866747053
-8.22568060143365 -61.52790710666769
-9.888307496760127 -50.51556565640072
-8.222595197740656 -61.38280736592494
-8.02716793853812 -61.35814503146554
-9.36313816158762 -54.56837899367092
-9.711771494337526 -56.92529015260401
-9.69338998618736 -56.73084252216205
-9.667319659649094 -56.72662938341908
-8.995118856135925 -61.526917812197745
-10.08368160208627 -54.612917007732165
-10.226035421428731 -54.27439019915477
-10.299848425461438 -58.08557092061032
-10.266359661483067 -57.76955626501955
-12.54994617641962 -56.28730697291683
-10.669839698931979 -56.236212724750914
-10.967776395085316 -56.19844414157121
-10.660237633040174 -55.21861720042389
-10.70090672835848 -54.896331112852515
-11.312365854055745 -54.33557109623843
-11.343804406951449 -55.44033941223596
-11.849060207444241 -60.61444283982067
-12.193748962196175 -55.31240032454042
-11.287580325569078 -55.79917019602592
-11.5650952535618 -56.36604851292518
-11.710885842151388 -56.50968768383425
-12.234113150414245 -57.73187539198069
-12.424486377818841 -54.47013578735554
-12.551972839636647 -54.9234418408388
-12.54985795074313 -56.319902155637614
-12.362444615525373 -54.43492270240613
-12.544827106331 -54.64370837228445
-10.034727631260802 -58.836420863777484
-10.204994299060964 -58.651406404616864
-10.03201889049271 -58.81789840102135
-9.005534648586794 -60.496746743386744
-9.057237989350453 -60.50277965418346
-10.003718632527889 -57.674729792531565
-9.389442631428878 -57.00493274512295
-7.088993979036483 -52.9210872022279
-12.612249708882468 -52.116813073035
-9.910562486169345 -50.54000095070223
-12.443343044083235 -52.117139172110065
-12.063404463581225 -57.43262746184498
-11.719045284762982 -56.50997776929402
-11.825277378327065 -54.49513048709529
-9.58884205360014 -57.833156271709264
-6.423510994290552 -52.73298770874951
-6.979754817304321 -52.61367804840517
-6.118433723727643 -51.64474826119386
-13.735265765209503 -51.00845393532632
-6.991082207562687 -52.679072644400584
-6.603008725757373 -53.403047268607125
-11.80808150763864 -52.524338663012266
-9.652219018013623 -51.61935310949703
-12.512655806789095 -52.4641573419008
-11.506125000713046 -54.2276726473647
-10.817530183318308 -53.748511070256
-6.420095074983005 -53.239161621710444
-6.761195671940411 -52.919973803057076
-6.382754700808804 -52.735212655426864
-10.489022174381635 -51.929248298223975
-12.021100754586419 -60.81926395341637
-12.268319287201516 -60.78557453146997
-11.638987340541297 -54.303048103975655
-9.324870402499508 -63.424104958870906
-12.38889403094327 -61.25675829982452
-9.752435782045808 -60.46633311566112
-9.852951543537362 -60.24912427021599
-10.488132285788605 -63.07800424136325
-8.180627481617984 -62.85398394180756
-7.824037689052833 -61.163898400210265
-10.622212935171879 -64.0291926318312
-8.299784977459021 -62.816940293962375
-9.476040426441738 -63.69440605741035
-7.813171176026388 -61.17651597089978
-7.930649628118272 -61.305751310314776
-10.792028307766952 -58.37781406167635
-12.333485774628825 -51.226848478093814
-10.331346099036502 -64.23430470296559
-10.394521734083483 -59.19131677308184
-7.889065587786902 -61.70239553909079
-11.23722679277937 -58.04136627199674
-10.930913248957895 -59.10898078938056
-12.098986095581441 -57.299170257691095
-9.880553997236571 -63.69005697351232
-8.787099063093898 -62.47488419850816
-12.073373631503907 -51.889124419332084
-11.338713559803425 -55.43149460616489
-10.337128478836041 -52.10354561275136
-10.393870161757512 -51.868122489159454
-10.45214563947436 -52.110890246668625
-10.516245941613631 -51.968253167356714
-5.79375600862171 -45.55557954484671
-6.070080039297495 -47.27449920916352
-5.999768585470633 -45.44893172925694
-11.337065432417862 -55.417870051586064
-8.382597307238985 -63.92367563195098
-8.659153812926917 -63.0371228952089
-8.814847436892334 -62.47830562569064
-11.375461234687267 -55.272936387938586
-11.870700447973586 -52.31814170137541
-12.221157212063734 -55.236512857706394
-6.824694729835074 -59.948627392794066
-12.216758382253506 -55.29098755831537
-12.264467561670697 -55.242425474610386
-6.638030937797443 -58.79750641259893
-10.522999812933541 -64.20743215742547
-10.182724913995985 -51.6501624008322
-8.293530099958442 -54.84255060939961
-8.476629785660363 -50.40329905944923
-6.756855454527004 -63.06580340958001
-11.300712664288868 -49.74129533130706
-7.166671027301823 -50.398052034776505
-11.186538205269898 -54.170285995749204
-9.966660214639044 -54.315558320208616
-10.698125924586563 -53.98204100109565
-6.735215041849725 -62.972292753038616
-6.885722289683588 -59.37755097326422
-6.874949983312437 -59.3248196426412
-6.826170888941376 -59.272962922575616
-10.437786040059745 -64.3563347673679
-8.411810795087908 -61.13878250905052
-7.019720783956985 -59.30277664200639
-9.912613907446406 -63.73783124156579
-9.647661547213044 -63.666642732415994
-9.312100348259964 -65.57003331428393
-8.42593022132354 -67.14418088327525
-7.087164911049808 -57.31307623665155
-8.668283846321195 -54.665125155780125
-9.051078099465286 -59.193046669879536
-11.825488045932739 -54.48878462257252
-7.8947364024553135 -61.39287108069453
-7.686819712401038 -61.039976050573586
-9.583444204621781 -64.15095158838858
-7.544310425822373 -61.37867841629525
-9.476325283149036 -54.476354602397606
-9.103887857637183 -63.51313419625888
-9.599825000516752 -63.77074976753968
-9.26766733349185 -63.72768840084442
-8.208648380086498 -64.01927231658016
-12.261272233815264 -55.36052864585289
-12.410627516523668 -54.78894932223119
-12.436345510746753 -55.01048424568918
-8.541147822971825 -54.61682611791221
-8.32768599646653 -54.657644901984064
-11.271033635337604 -55.81501595335163
-5.876121244821985 -46.022188939295816
-6.756509069010415 -56.40278478573986
-13.4244181607475 -60.725544722449854
-11.200153733945944 -55.20115282057349
-11.563110992045711 -56.332340588144724
-11.847510240529619 -62.551345260930304
-11.360453157052145 -60.86441281377493
-11.963662595724731 -60.782007733270916
-12.017729392755296 -60.81658656661572
-10.596450801427055 -58.75693593269276
-7.105919116533339 -57.295393840889204
-7.12094919887306 -57.28566293657484
-6.026831749966112 -45.43014941261304
-8.913410658780512 -62.413053832672844
-11.550441657276682 -58.88065301510793
-9.218262737832662 -62.51036797472258
-9.148770562981781 -66.99690234049955
-10.986599631966007 -59.17950753316624
-9.532441033743485 -64.29715883121756
-9.559833220001492 -64.30902833907412
-10.400415179865407 -64.47762916881115
-10.222425392221137 -53.958016562455256
-12.400867383761657 -54.7858066375734
-9.569524426656384 -64.62855010578934
-9.541642100431114 -63.79208180044476
-9.566177548793648 -64.05780671292713
-9.5368392845867 -63.619065351651564
-10.44826335793659 -64.499224507624
-9.468807462060267 -65.56213614298842
-10.236986393280777 -63.34137288099367
-10.594701333586888 -56.46459621613349
-10.598688750411911 -56.47335188013419
-8.611696471312143 -55.06858377261043
-10.13863301894286 -54.17603723912294
-9.91238689494469 -63.453577980001306
-9.834463836071707 -63.35160820796974
-9.791677115387285 -62.367393530698685
-9.870785117338334 -58.03422583430456
-9.80931084852737 -64.21670055779839
-10.214440075616276 -52.75328209206561
-9.189780537150884 -56.473859424626916
-9.798563333534217 -58.771332151647464
-10.112224496966038 -54.0994643826546
-10.442379059506717 -50.973773319981674
-11.039554640130813 -54.88987825889338
-11.620498220809722 -54.296663316096875
-12.735154493269027 -55.602340100999115
-10.540042810263156 -56.49933218684901
-8.570443267313367 -55.00093091399775
-10.230566706911695 -52.753444159186174
-9.52334111284264 -64.3819746019606
-9.043958251156075 -63.60789479194837
-9.242613872149356 -63.423265791892064
-9.902278523872917 -59.8283246466174
-9.173171288308668 -63.79094961237376
-9.45607622461181 -63.28157877483969
-10.301016623319555 -64.4968798433768
-9.933304368372356 -64.30253851414224
-10.442436765032168 -56.47899031301786
-12.101281551051061 -57.30510626051634
-10.182236800493058 -54.205835482152494
-10.227860041252908 -54.3882171874809
-9.504244963672663 -56.04578944487684
-9.506073676982787 -62.90430179866719
-9.524064844087276 -63.332188853984455
-9.436978222547749 -63.408528450819254
-9.505185510233126 -63.288908276939146
-9.546694263470368 -64.29819567883924
-8.996787717817876 -63.653312604317136
-8.001436919800932 -63.576940883573826
-9.010898459000096 -62.48156674411062
-9.714293346146997 -65.79417715878361
-9.427986780117715 -63.09394187474798
-10.680403812069642 -64.00749430881443
-10.480082930452994 -63.50888337768584
-10.457312192393854 -63.51710445286892
-9.914062725279862 -63.51110953981016
-10.30872163912971 -64.10095981269852
-10.915686013707182 -56.08661993283372
-10.222533005229051 -63.49113869925917
-10.534678478114103 -64.19994483147244
-10.516234080724134 -64.26458102373398
-9.016891950389729 -62.498586320054926
-10.393108358816345 -63.81335488567023
-8.744407513577693 -63.01171535039544
-10.285312552925575 -63.87226626201425
-10.55103123837202 -63.53702747098013
-10.44980611671299 -63.73168622174461
-8.772342287159596 -63.01864578425896
-8.721112014837043 -63.04524521467508
-8.695212924357733 -63.01461158998278
-8.67958401158 -63.01421255939329
-8.689359150748171 -63.08339172660498
-8.867517062378644 -63.69221031192567
-8.951461831299692 -62.51243301829788
-8.692033482868123 -63.12330924530052
-8.712000725355198 -63.20289894369647
-8.74212651873106 -63.29344983499208
-8.650492375129001 -63.28854857816464
-8.651897924347203 -63.26917774388973
-8.621077327231696 -63.371182609352545
-8.985993956840574 -62.453457678879936
-8.993984149705632 -62.51779864771833
-9.09233019265458 -63.824007969170665
-9.269546225458244 -63.3362327800847
-9.067268033503767 -63.84383185053537
-9.078065051266808 -62.63345681973703
-8.908605532621742 -62.537507810271705
-9.217960269465326 -62.36262300516118
-8.861140127917489 -62.2289638057636
-9.299072781584654 -62.442640905443014
-8.813883530467033 -62.45597480831735
-8.641214308421368 -62.993023446140796
-9.791662525650477 -63.96530084492206
-10.201228561516182 -64.21571794475075
-10.59136383438489 -64.12269343729037
-10.578131921645218 -64.11396228122015
-10.291641035139126 -63.8910893603583
-10.212118386680599 -63.712785023751856
-6.9138779560841535 -59.44405723631254
0.18392711924474425 -60.48758235995217
-10.39115041632993 -63.729610866316925
-10.42412903461347 -63.84742676953778
-10.38764972543294 -64.46182669940673
-6.8894125839287925 -59.77692739394003
-6.834187175161425 -59.7615404546128
-6.827867843718809 -59.95841939965133
-10.393068547139995 -64.54368490238326
-10.435316398703113 -63.77792174809408
-9.833154410548564 -63.64468043840858
-7.906333787555593 -61.48618752436342
-8.22753649742655 -61.36227119823321
-8.164871541021904 -61.37233515375367
-9.181213465675908 -60.41187718235872
-9.062115807106437 -61.71342365899696
-9.157115422508621 -61.47583361379964
-9.153894165187998 -61.50500112385108
-10.572138381613657 -64.13747452181616
-10.00924681349669 -64.27519187508304
-10.42156974185067 -64.41585664587369
-10.438334489421162 -64.49718717805806
-10.439236038875988 -64.48996082775741
-10.42545573760012 -64.54296422264662
-10.472961872623728 -63.715002633006286
-6.961107292211715 -59.46245854594397
-6.820315653931885 -59.01824783479343
-10.5758913558418 -64.1253910429758
-10.425044483136702 -64.45264039277806
-10.347050093068823 -64.47431812658948
-10.337290863659641 -64.44755509154328
-10.44495465400957 -64.38885107182979
-9.871950926182572 -64.01690438335403
-9.883746081329237 -63.68443040270644
-9.737375843665886 -64.44221394625926
-10.036095666599387 -64.1351375434938
-9.832584517598425 -63.51300027545392
-9.667240996342573 -64.49282782569819
-10.557675140846003 -64.11309421803362
-10.03881085101928 -64.30792826078101
-9.823253606669486 -64.17760365639379
-9.721870843173201 -64.4654718427197
-9.817131624840384 -64.23513002902203
-10.018970233843879 -64.18951124578616
-6.890230039722604 -59.08885095861194
-7.025962388607437 -59.34636500954748
-7.047232140523911 -59.25921548918439
-6.924987998222319 -59.39485448760174
-6.916794478194551 -59.479224176489154
-6.935856253181951 -59.46622047880814
-6.944341564577336 -59.459188530568454
-6.96861834268276 -59.32287537103525
-6.853207537598459 -59.17675580079996
-6.894079419755676 -59.335313161482674
-6.922652925854325 -59.377334328867335
-6.9903596495252724 -59.42008346958379
-6.988060061253984 -60.08543660259515
-6.959222060471193 -60.119781520188816
-6.916929043455655 -59.97217363307678
-6.917732689223155 -59.888582607752824
-6.962588767073474 -59.64606171853037
-6.848690408377857 -60.03345789357142
1.162406895952116 -60.091337529787666
-6.810969496148136 -59.99041682698087
-6.790772436194434 -59.9639249533883
-6.931910260313834 -59.788630523600155
-6.9619771297262725 -63.117096362418195
-6.977674179246581 -63.01297342201841
-7.561049783830125 -63.487965808439135
-7.558486601034024 -61.50892356560322
-7.600226566473321 -60.98759273842002
-7.534327815263912 -60.75926495561178
-7.114159199119472 -59.43107138978217
-8.726014209255634 -63.31002014626958
-7.8556348016804645 -61.57957515078887
-8.712477235939184 -66.63682343994832
-7.543368814481981 -61.489905421344645
-7.306403257233644 -60.265052040775444
-7.276798905561594 -59.80348265179202
-7.385632765554307 -59.89429229165397
-7.155868885913809 -59.30592813735539
-7.764694172108593 -63.28654742041712
-7.484008490499648 -60.4717054007396
0.22164560783368564 -60.44714380367094
-7.228084676571269 -59.47395789000208
-7.655960710755418 -61.44613899941007
-9.73539151525765 -64.23807305541602
-9.155046592241007 -61.87657306660702
-9.164012585638055 -62.43011576040625
-9.381708542314653 -62.351020042316904
-9.602829000836707 -59.01901780423279
1.0946774324550266 -60.24212757557328
0.6216808859066785 -60.16545797227994
0.5881946450049111 -59.900406783813686
0.5785587915222193 -59.903597186442475
0.577195081943213 -59.786910642210955
0.6753861281291734 -59.40605737060103
-9.644762446848146 -64.08679384534733
0.8701840184936619 -60.29925095358039
1.8718016574605942 -60.79877146535846
1.0812765423348443 -60.65268970026159
1.0892473866239443 -60.67137412717792
1.0291001405573375 -59.68810252014719
-9.831429027822013 -63.62007147004381
-10.395020705590388 -63.71901039849087
-8.965855789317223 -63.65816284050696
-8.462023025408833 -67.13511698342306
-8.95177774168827 -63.61104102295245
-8.952191344967892 -63.65137841987204
-8.632203906362339 -67.13921570539881
-8.593529851848208 -67.150959818864
-8.651126516340058 -66.78350770646554
-8.785308227907993 -66.67928564675087
-8.940885036193137 -66.67967066463915
-8.520456735242533 -67.1768640905022
-8.975228325207981 -67.02200444306695
-9.150929612206006 -67.00740777752112
-8.770347603071507 -66.64257129076528
-9.472647644432811 -64.34126659734584
-8.68909580926439 -66.86870687282837
-8.576549832859019 -66.97872217267951
-8.822256183899688 -66.64196772476771
-9.18266167728446 -59.67421285130239
-9.629488972409645 -64.29293632734384
-9.567837587027984 -64.09969007031809
-9.610620300657663 -64.08968045647937
-9.328753650531334 -64.30542687327093
-9.537161495904794 -64.09287133796025
-9.508518710250685 -64.43496799358442
-9.513203002798416 -64.42091505794846
-9.48908253065518 -64.44274448245619
-9.303201252992908 -64.26684146561684
-9.301938888603791 -64.27956807002539
-9.599364894328872 -63.0194423993755
-8.97925189460429 -63.62425813421536
-9.34567030208998 -65.64941973667743
-9.396387755910597 -61.4835953206233
-9.580049745328738 -61.93531327864144
-9.751430804551783 -64.25494505448847
-9.594124209019915 -61.880841294853724
-9.276559463151685 -60.65771674866329
-8.498323150088101 -67.13756953044924
-9.168803015810749 -66.99348938739323
-10.250995529903735 -64.23485764323891
-8.75447170779115 -66.76814217487923
-10.338601460019168 -64.50454537721966
-9.500527913663714 -64.33317952853847
-9.49565408998536 -64.31657813436837
-10.249467678953547 -64.24811125532266
-9.640725519097773 -64.24791371158312
-9.538733445828655 -64.25142657532753
-9.319167636949112 -64.24770231435548
-9.502139251564554 -63.49245843687816
-11.3073325244708 -55.502195303563255
-9.25190597745394 -60.85095067480482
-9.999075271751805 -60.05272545834685
-12.29851775662842 -57.7997499283559
-9.329607314789682 -65.79677098404811
-12.180112473689231 -57.77398248623651
-10.649469698394961 -56.2374860023534
-6.088379559741758 -51.73180043765578
-9.749347982158426 -55.55137917090026
-12.651294065173186 -55.00234008898426
-6.932226948385127 -56.46586187631892
-9.082123657415703 -63.54006234766292
-9.104224374587703 -63.78159423730425
-10.265041024529847 -53.79390234981311
0.5879720785995752 -60.662334962911416
-10.580001426105545 -56.50689429307897
-10.598903234399671 -56.55961351677552
-9.015969410409859 -51.5056889615039
-6.9306444785162835 -60.1116409674165
0.9954374949754068 -60.32347016304111
-7.172175239070297 -60.05765097236802
-6.583055432375769 -60.0056400530988
-6.9599264565417345 -59.93226220066172
-6.999591481821678 -59.326072473673364
-6.900280425755631 -59.72200054572158
-9.149101513945931 -59.04332512839107
-10.087090742400008 -56.74333614184344
-11.55530711730229 -56.35226978744633
-9.495794508335665 -51.33700552789537
-9.176548180799282 -58.31083856627295
-12.589984991852598 -52.51441376930235
-11.603160003984973 -54.531067405030484
-13.0545063533293 -60.204568774012145
-12.434720767006207 -57.71935910906655
-9.041962117709508 -59.220876004864806
-10.395000731961913 -53.99397782168786
-9.180223963547062 -62.03692396405977
-9.039185675932721 -59.229848120390024
-12.057393606609452 -60.93018864961243
-9.835893377693374 -58.5292511318851
-12.900226546581724 -60.29663341039442
-9.834474605378919 -58.090107521245024
-12.98002776882515 -60.04205818391381
-12.259285102344675 -60.5482726530326
-7.797517875658638 -61.17890569160108
-11.678500421444973 -61.690638439929266
-8.865025544739275 -62.21796217066907
-8.839245148695545 -62.310329280910054
-12.929718793146481 -56.790116034615984
-12.382960541120626 -57.664947435271586
-6.991284928815967 -49.125015415627026
-11.446112463013746 -54.95107329092155
-12.75199331460348 -52.01131774923295
-13.475922802569782 -59.915852919700335
-12.447778038816825 -57.800371951844006
-12.396494823639557 -57.56678613455456
-12.369647531281418 -57.86361743134386
-12.224777354617968 -57.87756403171985
-13.557500369316829 -55.66709300285776
-13.868790872163135 -56.76801070865793
-11.617865329211073 -55.027829223754736
-10.2557787932217 -58.15350433299756
-12.276731449832042 -57.835426153943054
-11.82088253257825 -55.204108354450774
-11.887164536424219 -52.26659682455385
-9.433388575045075 -60.3548025765414
-9.032626937486736 -60.537046401335395
-9.040309936411983 -60.52949114640212
-9.271559940632354 -60.340358192348155
-1.7736413839015155 -55.653941240896884
2.0919021402227695 -61.82930211411073
2.1532134727976873 -61.83235281389372
-12.9070713928066 -60.2681888753715
-12.927293582664522 -60.12512547079827
-12.070206755905158 -60.960949592707365
-12.827303214981457 -60.25580375690839
-7.844241147445487 -61.148348513042095
-12.0557188946815 -63.37530451887255
-11.9141560039702 -63.59311118016667
-12.114938934385219 -63.89478210344402
-9.18678604327011 -62.257867688946696
-9.198131860157282 -62.29264077320998
-13.423732316679164 -60.88159899761312
-12.20986108104251 -60.8922019658892
-12.253717582352442 -60.503377627215016
-9.569951433984393 -64.21336180657406
-7.99620942835325 -61.32234157994978
-9.483024909682424 -63.858801391274916
-7.4853754268174395 -64.28000254345407
-7.482650924370263 -64.26560105827221
-10.399007964164195 -64.18701469908878
-12.407825104514517 -57.615526140545974
-11.275347477620196 -49.90317794702156
-9.358501252808813 -64.54486546859759
-10.456672011745848 -63.981901485918776
-12.050961849737691 -58.09407677925404
-9.599047234746017 -64.6522845030412
-6.050188834106553 -53.3465499015774
-9.21330325077404 -65.36607521627766
-9.634277536457358 -65.66015013973097
-10.184349861061959 -65.20268916726407
-10.025228676428023 -65.2115423765978
-7.903486492375779 -54.7991276745361
-9.641813548822821 -64.39613314974608
-9.649522963113892 -63.60366131215298
-7.750673024622788 -54.7773041298547
-10.319611256871523 -51.75973029057211
-9.63105969731952 -63.806512992818625
-9.628909124589331 -63.68489043466556
-9.333983570539102 -65.47610093241966
-9.308723785035852 -65.47455717204826
-9.955712765427963 -63.87724845639412
-10.162815093496185 -65.25020420321343
-8.266369265690434 -55.2229891520508
-10.05917508942445 -58.33865258463358
-10.438012630600468 -52.15484364872073
-12.322512515380868 -60.82645760570567
-11.957255105780206 -63.52144054356024
-12.412109378624162 -60.461035159035674
-11.578009884995208 -61.43417418355397
-11.638099190803924 -61.38216261173506
-12.037229688454364 -60.955100210480396
-14.479192592555098 -59.98266414889862
-15.463064119956048 -59.52648059890308
-13.980682220569415 -60.1122158833945
-15.491925920028411 -57.62904141816432
-12.62160451581843 -60.41337074234717
-12.599542624913239 -60.43367189144556
-12.654836931701357 -60.6153669334884
-13.183690823135372 -59.89150721472242
-14.29828242637117 -60.09645835204458
-14.924652457982504 -59.13983591582145
-15.588353795987105 -57.62159674969134
-9.678155486564634 -63.078429911664735
-10.545841010226805 -64.24016938066438
-10.34488797715853 -64.97194271481233
-14.377446111968329 -59.90737536924663
-15.49909042985412 -59.89496443974016
-13.676255561712852 -59.83598971923871
-9.777785489787789 -63.12478504309279
-10.07504246417436 -64.94609410490534
-9.784852652903322 -63.1108813561449
-10.3699961819201 -64.41392688605903
-9.97911627924719 -64.77748325815503
-9.901369712321873 -64.77475045501983
-9.890249998297666 -64.95352213317487
-9.906432756404453 -64.96792075170816
-10.148277509478504 -65.00650101625969
-10.036435816217189 -64.8670325005403
-10.304421694897485 -64.93644864439041
-10.36684496318504 -64.39683967935004
-10.365046525036933 -64.33498624832437
-10.288629292539675 -64.15066844499277
-10.347941820002823 -64.0724554133444
-9.899811346128693 -65.20007298077903
-13.288316331986032 -57.05855794383511
-10.32120065109481 -64.00384827192983
-12.567293793134867 -52.52510016513964
-11.318722132763822 -52.1905153171467
-11.893861493140927 -52.238534353529936
-10.248557216422993 -54.008881001198226
-11.379081516540984 -54.92404832860407
-10.82063663460503 -53.76587118588093
-11.089661072099142 -54.06492649892097
-11.092581483232099 -53.864390904852065
-10.812465858511532 -53.764819080584545
-9.198530144109604 -62.583582840519
-11.036785616849796 -54.08223044726497
-11.517342309672573 -54.222465622445974
-11.407401474257352 -53.9149585175295
-11.92317763521728 -54.919336048313276
-12.44804732080894 -54.412454577319416
-12.37080335102565 -54.539441896286526
-12.603822956727523 -54.87900407122432
-12.606268118810778 -54.871869356365806
-12.41824054054946 -54.78054668914134
-10.824337030793458 -54.61472805439333
-10.408522467052203 -57.33182375394765
-11.747061688272833 -54.551725993940046
-12.069133251479705 -57.446094925574485
-10.174939755854927 -55.69030119907929
-11.358202667306387 -54.715029906171694
-11.514440384128305 -54.23507214420882
-11.481857853677148 -56.70280329023832
-10.45082194778044 -54.59313897198435
-10.825270805243845 -53.75733432801568
-10.814161413435183 -53.754409427416306
-9.769881140189469 -65.84635178393634
-9.358523483718345 -66.56705314916607
-9.597849197525795 -66.57038534833431
-9.637932979006743 -66.28048056252132
-9.695673333174895 -65.94566510272719
-9.484467381734062 -66.72611376709054
-9.511857599511979 -66.74323747958572
-9.496235737662776 -66.77128584116343
-9.511815177015876 -66.76884766192342
-9.523208748681574 -66.59439989827916
-9.50512296058441 -67.45893271143301
-9.302596746930185 -67.76465863928807
-9.322529485157327 -67.4384050164872
-9.394882279955766 -67.4607383998154
-9.511886823097978 -67.46662859601065
-9.536052658561612 -67.4203259092184
-9.592629982076078 -67.60985171557407
-9.436204025457528 -67.33260143670799
-9.935010885764214 -67.10853574367788
-9.495250864990417 -66.7609575603768
-12.656134220090719 -51.98633876170149
-12.049706869326606 -60.96859417800669
-12.702968884881574 -60.385732255658006
-12.88266111644699 -60.02458978159904
-15.555122177704193 -57.484386132323344
-15.397151627792198 -57.518266456709135
-16.23111705998732 -58.601483515444826
-14.380910871449545 -59.926170176226144
-9.953669664265329 -64.94076700531221
-10.339034668432777 -64.4068572588294
-10.288063211977752 -64.44781338160294
-11.524295219846442 -54.21991821763489
-12.287186657651816 -51.077496125788464
-13.392125348134721 -53.70807148194473
-11.596223264097796 -54.16203227524407
-13.17869665084539 -52.29527406039774
-13.168926331791805 -52.297339585718085
-14.665995456361207 -56.817485932885575
-14.191118179563082 -57.13296586800479
-14.194847454432347 -55.71862608098747
-13.245773640227181 -53.844806995297944
-11.695625125541644 -54.17192638770453
-8.212079029443439 -55.49026697547974
-10.194733701408715 -55.777013853730175
-8.975450812392141 -50.838486390124835
-12.15469128253403 -55.073137004505476
-12.127851873722047 -55.08451062666087
-12.641332207029224 -52.44419180736363
-12.872721715013482 -54.809151410825116
-12.47709364552856 -55.041701585246955
-13.251357658708455 -52.558002474696075
-12.269029427601554 -58.197606785539
-12.062617350646411 -57.45647682990123
-15.479829798194798 -59.52648810556907
-13.752205272655084 -59.72836432020273
-15.999481871047164 -58.34282957436902
-13.3238942403428 -61.48660208329929
-11.578279363443338 -61.445373503684955
-8.85445371219508 -62.22532362553731
-9.214424228283713 -62.51005865809417
-9.808203240426138 -57.48363034737188
-11.881631958753792 -56.20594817354729
-11.84238744479889 -56.57559846238316
-12.418954232764069 -56.28894789387823
-12.233814280755215 -60.84621068890064
-12.00808835509498 -63.68516772590536
-9.593079371490239 -64.26253359284358
-9.53031723971338 -64.27657131555205
-10.352780165183193 -64.11619231942346
-10.29159615722074 -64.13212324658299
-10.224114837034334 -64.12403932657834
-9.822086886212986 -65.16838983420631
-10.125741379820095 -65.08451881781914
-10.048586074899411 -64.82697123073639
-9.793396677676776 -65.1778076080223
-10.1383288762642 -65.06808808403186
-10.481190156960938 -64.13332494234622
-10.460360848546838 -64.04890536638449
-10.408554410118732 -64.1363113559862
-10.380476705875553 -64.04034503063494
-12.219666006576013 -64.17422960486094
-15.470927627332339 -59.52595815069357
-9.908623877810196 -64.9950755745543
-1.443199356312894 -55.65178452013884
-13.668429173012445 -60.66283275138196
-13.420882668965296 -59.94024464321287
-10.015399440749768 -65.16838926443978
-9.633164282350076 -63.70404862459662
-9.631130313564416 -63.722585188063334
-9.624619915443992 -63.7367805769434
-9.687080845595089 -64.72907700148777
-7.934989471251887 -61.47853640084981
-7.437949115584919 -64.4547421165697
-9.396245853542771 -64.57802243669163
-10.552918374686751 -64.22615163178058
-9.687755458168427 -63.83879963538724
-7.502485326754761 -64.27812788786773
-7.4915987162178554 -64.25570582198388
-7.756332026333738 -61.34780162352121
-12.878320198438974 -56.784591752835524
-10.092608418467762 -58.914172675881744
-12.445951780899302 -57.809258600903085
-9.981850233908075 -58.37536640314977
-10.295670066571155 -58.85329297919304
-9.30104341111376 -62.107084148465916
-12.856717657236302 -56.79420539847362
-11.87351476091408 -58.53855265854005
-11.804998233719248 -58.85068250853073
-12.257138635812444 -58.18603417934538
-12.227030960735046 -57.7296710218754
-12.09727189257184 -57.7710085003194
-12.296274705181304 -57.83815303942873
-12.622401520679913 -57.05589729691669
-12.284752529581093 -57.82045341177784
-13.213398972569252 -56.85083546381347
-13.20147636317237 -56.844193750320315
-13.240815919942825 -56.784928360424246
-13.330173437278424 -56.662574365279696
-12.914685247784984 -56.79803529325967
-14.387177712208523 -57.50382177549588
-14.255934317282918 -57.017728948288934
-13.88756701030779 -56.74602214375988
-13.321324467256126 -56.674722442795016
-8.230545867332035 -55.13563900534381
-10.454639748464965 -52.13585640889133
-10.190134268795056 -52.649864809404534
-10.436321763255195 -52.05410227013715
-10.302608564125796 -51.61477416614243
-10.448034358892984 -51.92426209959503
-12.104102483035698 -52.50446991681173
-10.138377741244154 -51.65148573440964
-9.142675773674988 -62.58781422582052
-9.495738969544544 -63.54246384753256
-9.77158868921191 -62.941470300906815
-9.880703377209427 -62.914907783564786
-9.529911237257107 -63.57232147755944
-12.167118598187473 -62.96099035073861
-11.933510132449877 -62.8539713175286
-11.879244373247465 -62.767708106381654
-12.042838148663545 -62.95198111189774
-12.415816457582075 -62.08780455039041
