-13.207198343290178 -54.18297658423913
-6.605319414696586 -53.41069428520321
-6.209192120311179 -53.54156496955731
-13.222903196293066 -53.88527851062285
-6.4527942345268015 -52.623687806113736
-6.130742070208939 -53.35392041375326
0.6586601474144707 -59.52023837114301
1.8636468809882603 -60.50727909161645
2.3524761747842735 -60.93248098761183
-1.8907153622583597 -60.03576171284588
-6.082088261997954 -53.4070250223556
-11.201719619489353 -53.84431953773858
0.06812117553111752 -60.565277925232934
-1.889883731543255 -60.00194497635317
-5.9084837946564175 -53.525020289101015
-13.1734578531283 -53.769808218615594
1.1519420174254913 -60.61051406310223
-1.8927590781357957 -60.02020542754774
0.9891010087185886 -59.560065126369565
0.8326514638888898 -59.78052118449275
0.23433195581180874 -60.55067873711356
-7.867768210390545 -71.71925963410655
0.7869852412566117 -60.342821387948156
0.8546107830365337 -60.50939929403672
0.7529763454817028 -60.47931154232759
-7.386684204848597 -50.55151836426411
-6.076287243020112 -53.27576909951055
-9.131705498536766 -51.433262357279375
-13.209016072811746 -53.69024517635226
-13.256982708336905 -53.88982174346851
-13.231214645467563 -53.920195270711055
-9.148396107120265 -51.42765856044032
0.7284724095154766 -60.388378519149896
-6.6137810049982315 -53.404723353147645
-6.241649010102356 -52.903994908120445
-9.143640549144184 -51.42589687822303
-9.058221088628425 -51.41559342891603
-6.224108234910244 -52.974821988222715
-10.18658897087789 -54.15988290090219
-11.088549042905319 -54.07209630356975
-13.256612101042652 -53.883226335070624
-6.066018164889071 -53.29273709520984
