-7.483878834236357 -56.918679180493726
-9.92851315979217 -60.19346846194438
-9.922737463238464 -59.51513382588629
-7.137902917578648 -56.92368344617005
-7.133082559652395 -56.9695885285569
-7.096962058731059 -56.24298501335627
-8.702041044058136 -64.10196253959865
-8.691952406319293 -64.12147275296964
-6.9899680968913716 -63.12911719558016
-6.986256442220281 -59.873827854140735
-8.151893964342916 -62.88247640638488
-5.795514782203343 -59.86207959899745
-5.057833453041251 -60.44568048222759
-6.970020444463508 -63.12623187464325
-7.216113739713562 -63.12223955451241
-7.239429574954877 -63.16137875283627
-6.820830012296084 -59.994532163020835
-7.0218793063329805 -59.96938210189844
-7.588617756620471 -62.85080803710272
-8.254799172769856 -62.979097635270335
-9.564471001515573 -64.81440427666135
-6.996930929729458 -62.94014044769063
-11.454291271975153 -52.921503827066374
-13.221587459814051 -53.85404444161193
-3.730417606275199 -52.196786232888314
-4.063342193617092 -54.35671502243642
-3.893600846885177 -54.535796810198214
-3.977199527999233 -54.130445985340664
-4.09042873097084 -53.79842416342491
-3.461281199573389 -51.64442883596142
-3.2941998604930585 -50.51909176321499
-3.3822888281408225 -50.70042802916597
-3.796485933112417 -51.14065885392048
-3.7578483029146845 -51.61692564706071
-4.116827234704656 -54.4219855444051
-5.8530427317802385 -53.80167088141165
-4.102719779779946 -53.80069516136113
-3.9602080619209317 -54.211198944269874
-4.422768751512256 -55.353045101743085
-4.455251315362081 -55.6005465193359
-4.469131550991202 -55.139042855129716
-4.032730814217764 -54.35960982391311
-4.116641181609368 -54.410350626756355
-4.882816985428119 -50.933207832928545
-6.90323192575321 -52.43578965217304
-4.476073108888258 -54.91034554775362
-4.023411505087382 -50.87324214113932
-3.668352988823007 -51.338025768250695
-3.8610966004507534 -52.11778869044709
-4.586319296564707 -50.96596490316127
-6.116708799113993 -51.245927776244905
-9.979006797599444 -64.61344206398641
-3.5856945241834466 -51.56527595250478
-3.256592393083805 -50.763723939584935
-3.235017555191046 -51.0376105030827
-3.3741814522105202 -51.025752431414524
-4.3930136557115596 -50.55883570753518
-9.606305000599198 -64.77531441287833
-9.319003761905993 -65.52676431840605
-9.388477142232619 -61.13390712180906
-9.236038332274033 -62.29845382101423
-9.501305906913476 -66.78169233635002
-9.502866134943055 -64.31521662909807
-8.303928832771879 -63.99973097944273
-9.436079088702622 -60.33671580636884
-9.213628818384526 -68.24478516332309
-9.211968179906282 -68.28439869484218
-9.342032244038052 -60.434374829743014
-9.406863547252849 -60.32787225778833
-6.863167149075847 -59.91416408261643
-6.041094016354072 -56.43544831018992
-9.251010081751717 -60.8410987330879
-7.916408976974876 -61.30887406111202
-9.095184434382976 -51.535451109577565
-4.3396360972427965 -55.009057562604795
-8.239623415047186 -55.22680924949473
-6.565009888559331 -53.561786826265006
-4.091701300156746 -54.88646605815234
-4.331213545254823 -55.26261115521213
-4.214982930074583 -55.09741346860894
-4.121320754137438 -53.765094239067835
-4.911615541832363 -56.09984033774243
-3.7086074952165617 -54.6688502298074
-3.5930662857828852 -54.778439462488535
-7.811139957527236 -61.67352899288806
-6.935930732675123 -59.63583210245389
-2.9845212550487963 -52.921755804685525
-4.26635569472016 -54.76435254384339
-7.332382179664023 -55.37782362604501
-2.8276617646173143 -52.96760999059791
-3.867072204324247 -52.39050515178696
-9.021434617511124 -51.36649095488244
-2.399595599533828 -51.985065970567184
-2.927258049973221 -51.48269846705025
-2.8557043543662046 -52.712296087608514
-2.9113580792184934 -52.58567569771148
-3.7905579840989017 -54.64513923449816
-4.192807607752171 -54.85760655755788
-3.886839809061928 -54.519676989191424
-9.922705924241793 -57.52394144516239
-4.14197794418925 -53.78494143313186
-8.214911735728068 -55.25869431565218
-5.700617848461805 -55.662009589936375
-5.730108770221578 -53.45694690528337
-5.764944123950893 -53.582241389184546
-6.090695661533916 -52.713635384597
-6.602286891268185 -53.54880798119731
-5.13993989046617 -56.2666658485753
-4.97979429986846 -56.124117522446134
-4.759060908493272 -55.76670942279258
-4.763238048770531 -55.72597377486207
-8.248349625372244 -61.50288374214987
-8.26655122713207 -55.19395583243233
-8.207813521334936 -55.085787720830986
-8.221850965000979 -55.28341483500473
-8.519921673067593 -54.99757254760009
-7.971827523563326 -61.40131820632324
-6.9137934241383485 -59.442033931153034
-6.974979459422168 -60.12077977420854
0.975747033949959 -59.657829611889106
-4.960877563720176 -56.24579190685423
-9.038987162198257 -61.53425479862898
-4.932879064943461 -55.87011730564095
-4.401990780204367 -55.25106434255754
-8.234262628836653 -55.2531318743839
-3.7178766540925374 -52.259194466350394
-12.598197199474509 -62.10327228047667
-8.688610185181973 -69.1506439902431
-9.080999919499988 -58.95579348062041
-9.72003874758227 -63.94244036907975
-9.138469564194708 -62.35110904663388
-9.694265672296176 -63.653343665492365
-12.033946463446382 -61.29992094266058
-9.174025565876734 -67.00987477943798
-8.694114791705003 -69.27937326473203
-8.028728766194146 -64.90797519427349
-9.289819223920913 -60.85933568214105
-9.246061193130563 -60.87642735381122
-9.833752693442467 -63.55466564034874
-8.271846175833172 -64.07513687397832
-9.019141362041863 -59.93872878583183
-9.508960051002138 -62.9698568001177
-11.991412631146655 -64.76626483733034
-10.338130223228202 -64.55040096144934
-9.86045284895698 -60.08554516660793
-9.846073463245023 -59.893422076048616
-10.35783016877763 -67.64558079346978
-6.963301102552888 -56.657505595389665
-10.235052741271884 -52.74114502795646
-7.098526132806521 -56.864542089484864
-7.370536567499665 -56.351925436302835
-10.64828829155418 -57.85681196829225
-5.48032984288364 -51.172373101114516
-9.53181418035813 -51.984628735536354
-5.324401315525809 -46.9846014148612
-10.191308774438381 -53.977929458298235
-6.987193552504396 -51.62971708252825
-13.299841293396783 -57.21557334618158
-9.336805817375838 -56.92454263883358
-6.334739832641034 -52.643073404899106
-4.839088146848279 -56.0280601622564
-7.089353279074352 -57.317731012259586
-9.436483728333409 -51.90862070052087
-7.272636690917755 -55.201354120219584
-12.484275192539956 -54.47772627646788
-11.834891697033646 -51.74287472358536
-9.02284073465832 -51.501836800470095
-10.217193255527626 -52.738817560220895
-7.124755428824226 -57.32653604355382
-10.477166612530807 -67.81491244199356
-10.880728014050627 -68.42557811385613
-7.996139466096051 -72.37651675292894
-3.543134001797918 -54.74113916169563
-9.431938653729134 -65.48977409066146
-9.20357193049801 -65.53874603702656
-14.287960468934207 -60.132462150737084
-15.512328115309046 -59.7598715932649
-10.397838923045056 -64.2044789933258
-9.970778786684352 -64.61977341090157
-3.3763887864957516 -50.80028554490863
-9.89338541246191 -59.852116505471386
-11.814282042655442 -51.70690628558826
-7.087646056595097 -59.460169658016135
-6.925489165551106 -59.4429837849163
-8.663202352104346 -69.62041246585567
-8.5295472425588 -67.13172261401097
-9.117311161830202 -60.40578584365515
-9.10356462506585 -60.461568791496155
-8.282483538061078 -55.0326267098901
-3.639423020939129 -54.50595322465142
-6.5612748545090875 -53.5995912473074
-9.650580585321903 -64.08374313899631
-9.73021048961176 -63.87739044875069
-8.232741372124682 -64.20575263943547
-8.101773298993194 -64.11353014195703
-10.03304605277768 -64.66721066719757
-9.292343263500296 -67.64579708730298
-9.288574407892412 -67.86194783854378
-9.493006905979938 -64.69343894076087
-9.904768928559086 -59.88918051343952
-9.421397897029856 -64.36889423363506
-8.119544863181117 -63.87911070813775
-9.708757734247657 -64.73499566619593
-9.923712239944617 -60.158135752380346
-8.97235635794497 -66.16026870635267
-9.873105906599895 -64.52781740070047
-7.33939566233082 -56.34292821804224
-7.3660032059312295 -56.31793892324215
-7.333542619955631 -56.44334463354875
-6.32471335813472 -52.641115162252596
-6.617494594137984 -55.02809950942753
-9.600255218457074 -63.40195081293859
-9.511786643169067 -63.29730330370931
-10.018824310471437 -65.01524410663778
-7.666953584229692 -63.32690485527657
-7.7408238427897915 -63.32160301063219
-9.74290354830241 -66.52167178636016
-6.899970560375347 -60.030271132209315
-8.621827852921621 -63.31460457944975
-8.783297997312564 -63.259290925403704
-7.961546554067016 -61.685396865036665
-8.144970520551668 -64.12559016265813
-7.892121244857284 -63.51748335750598
-3.3009180276247863 -46.47535616166791
-12.01570091260703 -64.75841060758165
-9.461119453046042 -60.33963249301419
-4.466208333520964 -55.44606149320381
-7.417864470014564 -57.123238140953994
-6.88119010221974 -56.82138629699265
-6.590163846092518 -52.2638504728344
-11.238467616978507 -58.03197808927299
-7.3807820443133565 -57.02442966314199
-6.997886477653383 -55.75164910926068
-8.311853916680981 -64.04677063472221
-7.66263901914437 -72.42938387545621
-8.00298307358752 -72.30299509063579
-7.994215392799005 -72.4490977611277
-3.8775686951893285 -48.90808022914653
-10.042229538014627 -64.67260950887118
-3.503977213717285 -53.88201747653091
-6.830945196014599 -59.78001065828533
-9.056799490023707 -67.76238260664567
-9.22088593788961 -59.46306800820392
-9.05801529863213 -60.593761002303204
-9.242761290053759 -65.92179302224669
-6.89715165354344 -59.868737349466684
-9.235596560878435 -68.11176051023125
-8.18745314802978 -62.879387356538224
-9.159866079350637 -59.61136213941089
-7.587202326103182 -62.80148780798978
-4.322167748499591 -55.238169966139
-8.554958828268264 -64.16719655847187
-9.127773359457303 -62.33507579881588
-9.116995441392309 -62.40640276000836
-8.773587229396643 -63.0308879573224
-9.111275740665988 -61.12966052450226
-9.82789530684776 -58.98095300409975
-9.28791832822373 -59.76648044481327
-4.332166541219519 -55.12302450133441
-9.78899429384911 -63.6356648844985
-6.885872573061644 -57.02476156528602
-3.6294514195302288 -53.79793884930126
-8.31163527532045 -55.172740398467376
-9.911965512359894 -60.165763409418894
-9.481234903074592 -64.69750834968735
-9.060166669187312 -65.95237288554712
-6.685165036063343 -56.47565312196238
-8.980590988631423 -66.15675418404476
-10.0900238007718 -63.86159175347667
-10.343997328784697 -63.90133741202311
-9.416589876816436 -64.3870511588931
-6.912891591257552 -56.739972922907306
-10.456342531949653 -61.29549122861788
-9.818559195410971 -64.01198894387844
-8.586806378075977 -67.1195072772183
-8.67404458353231 -66.84813451121455
-9.342331492858406 -64.27077577416973
-8.839908291127148 -66.65341018704703
-7.931293631648226 -63.58445717704005
-10.435045533324104 -64.33533934897706
-6.45948429483401 -53.67703818616017
-6.183078187144698 -53.22565236783652
-6.720721091468097 -52.18854615071134
-9.477047000758496 -63.699667563862775
-9.459468427029869 -63.730315269909795
-9.702799083953774 -64.69796575955705
-10.415316218042515 -64.39168121921092
-9.567020481447056 -64.06499436821295
-7.126929390101725 -56.904514131186815
-7.3294791878736 -56.73981808297298
-10.236009582409386 -52.70077518984018
-6.863752051171949 -56.6879503350144
-14.086379647763781 -56.07390531828613
-3.2763172035564985 -50.34153406223442
-9.617212993557905 -64.08289508040822
-10.183911935745874 -64.28059129206319
-7.29433855435449 -56.289481549679465
-7.1017994028354945 -56.25267537568777
-7.115287505401782 -56.24954127077294
-3.538099226081391 -50.27392430554942
-13.641931144204973 -56.137970428976246
-11.3419526910594 -54.850962361438405
-9.128724593205124 -61.85301499071203
-3.291223425107495 -51.194456670873954
-3.2936285287946347 -51.041516660643836
-8.685712466021018 -66.70509382555461
-10.603083899172788 -64.12210732130085
-10.568224020179205 -64.1732959340553
-9.026071798848852 -65.96468771887518
-9.331371982671673 -65.83579248305942
-6.134760654864959 -51.514233189788996
-9.109929349155985 -65.57017915379161
-9.317427594612903 -65.53154129171492
-9.211971481068447 -65.60076801838527
-6.199722267313462 -53.21891200408755
-5.7381666875679285 -53.59480568322618
-5.735424931843966 -53.46837481692878
-9.936462115354988 -57.49141385715768
-9.024744168831903 -65.95122014037092
-3.8570170427102175 -54.45341334221886
-12.695287592082769 -57.021622967227565
-6.983542575212984 -50.9935759644206
-9.719324450843217 -64.72543340133733
-4.521678786351043 -56.014614523537496
-6.729148916346711 -52.97002838075135
-11.362428458881316 -54.85020516376335
-8.77137345841814 -63.06784665871394
-8.727493074846526 -63.0819803789224
-8.817481744236575 -62.987212062658216
-8.744635670400596 -63.02129592134519
-9.489855406917721 -64.43174892514506
-9.470606396507232 -66.57443386795538
-9.69439947615247 -64.7095522857818
-6.995346294295465 -62.942608615332496
-3.7638489212770607 -52.32434226314064
-3.513230151166298 -50.459350466183665
-9.83900913857485 -64.74390211989733
-9.550357367907726 -64.42628516538322
-10.486309259464889 -64.43817439565466
-3.1783601646071027 -48.770975739716405
-12.44834417452236 -52.53721343990523
-12.458587301378858 -52.535196143691785
-3.0931353227550615 -47.77041545748856
-8.088927331577448 -70.19981986766149
-5.736110453786793 -53.61078830903343
-12.466773760229533 -52.518307533628125
-11.64960483894803 -57.041355217904744
-12.094396354936961 -57.292633440107224
-9.908151198141566 -63.097582572171184
-6.395603741472002 -52.71109767141229
-9.737526215654587 -64.74334037091118
-10.277155761727714 -64.66818452414877
-8.62256332125903 -63.96859468334114
-8.336158762897606 -66.81910675765289
-9.623324957611008 -64.39609231298985
-9.55521460126578 -64.24722491474803
-3.53956788033011 -50.24922174446681
-9.394145444143373 -67.74737402754937
-7.6274465377427285 -56.611107669293915
-9.068216214464979 -67.73267263030291
-9.936201354412209 -68.81407203567048
-10.363128529006431 -64.55079320096421
-10.426261010421564 -64.36720404828651
-10.085688044080568 -64.2931382410458
-10.489131272016321 -64.24097421538158
-10.49173134504559 -64.253820453401
-6.689073563146285 -52.37797709820517
-9.170773565828535 -67.82728873211256
-7.100302495062207 -55.21744232380921
-8.740908267799876 -63.260517870774336
-10.564777410528148 -53.460640464363536
-6.66469943840954 -56.520444884442476
-7.085651301035679 -55.262887283784224
-9.596095204880974 -66.10913919532443
-9.34110950354089 -64.2594630646266
-10.161356342327123 -61.950715552966095
-9.197653143072685 -62.37173976561662
-9.225821497797124 -61.06766784714369
-8.61746213796053 -63.01101014588144
-6.269265834246363 -60.07441112044071
-5.770784094482094 -51.57356524061109
-7.054109996632467 -50.95723815731063
-8.636946245039505 -63.48013375794741
-10.324614589765623 -64.90021658853799
-8.90646042229495 -62.57200062473198
-6.8928005471701494 -59.86648892055858
-4.3723815537206265 -60.957245821690535
-4.414694597513545 -61.007159368900815
-8.721284210825297 -63.37205827031358
-8.715862610829072 -63.24472415759378
-8.644075240464302 -63.19040179080785
-7.391959489523581 -59.98626884343876
-9.716176884348716 -64.70466821540548
-9.710889461169653 -64.67209781321003
-9.233217486319907 -62.23958018109957
-8.564768280777551 -63.911134765954074
-9.275891345749601 -65.35579154270737
-9.17389514929246 -68.28956158595878
-8.81631515590993 -62.994585955656845
-4.402882735325604 -60.994594957401205
-9.221578502042856 -68.05588520312153
-9.304880252061954 -68.07245066437088
-9.281507140514792 -60.81966395856068
-5.78643718895579 -51.43771256755411
-3.8012856230249654 -47.02062832723836
-3.8967348101803236 -46.53198950704045
-9.025229103769542 -65.91725985896728
-9.458292348306836 -64.34965237646128
-11.062276455073212 -58.6521599192513
-11.859019776649752 -60.53552704829175
-12.007081777292656 -64.77917980096822
-10.30579243818943 -64.94525950898574
-9.54819068731573 -63.272630820286714
-9.376997374707807 -64.3008962006071
-3.2416297921247232 -50.9150898171576
-2.962103010423224 -51.02053276683801
-5.8807582536149585 -59.983893012370764
-9.616577543078122 -57.90577180837307
-9.60053061972237 -63.31302892641427
-10.469642222817644 -68.3798806547419
-5.193750873343587 -60.105265425985365
-9.142954056693307 -67.05741269566172
-8.47059072460258 -63.9081200643403
-4.803106781820802 -55.847234604915364
-4.022777443038326 -53.982323616824544
-4.559526518096745 -50.838930024832905
-4.743819084694992 -51.02805479302977
-10.66764514104821 -57.7767864895147
-7.141763188041739 -57.12513360092323
-7.123112753931716 -57.16860325812712
-9.457958193373186 -60.32216501549514
-9.755885589280911 -64.16052023107797
-7.496683849555007 -56.91066239070317
-7.843121060594918 -61.42193810092111
-10.525991860528372 -64.15817227469341
-9.853944936632951 -64.18940175856369
-4.887452074264481 -49.668369604034154
-4.888088350177711 -49.82387288647321
-7.936396445971058 -63.50705129045222
-6.979627890592345 -55.70148062485558
-3.4676250880781705 -54.56350613409479
-9.23673909337294 -68.2008490208802
-8.506551126026096 -67.14922474882319
-10.052796484847407 -65.08395781658413
-7.520943608662735 -56.72349441766438
-2.8495008932984205 -46.68102442215655
-7.360123752010584 -56.360886617377716
-10.23675008390866 -61.89884985397275
-10.186882567049649 -61.9185132982076
-6.3477622866593055 -58.06987014070654
-6.781959416664654 -54.98866835687881
-7.404482736458995 -57.133265382078726
-10.027495277145407 -64.3195759596069
-9.982143472955647 -64.77773631394888
-8.330252540919082 -62.78132302624395
-8.688939629437751 -66.69900076917287
-8.692826063685562 -69.19117109704719
-10.574968216199036 -50.83560704820828
-8.646717339435414 -63.321515320773116
-7.2947277400917985 -57.18423596457097
-9.164051843495452 -67.001849235256
-9.495831828024007 -64.60682186727254
-7.169016294830598 -59.74806610647787
-7.774026224126267 -61.337318276341605
-9.313064003734446 -60.50667106852646
-12.096749833739896 -63.58953428627918
-4.0454404799798 -48.952959775201755
-7.369476074211219 -72.71658323003814
-11.654197080477172 -57.3908461653391
-9.376860917159227 -56.97556335656603
-9.402676330451524 -56.890925999055355
-9.116760082454913 -62.423210119143185
-6.0970141783350575 -59.9082056797075
-8.87978497002049 -69.40385149622723
-10.173422489138133 -61.93765451648748
-9.572001231673354 -51.85794175760588
-4.2934505924998305 -50.43272578728783
-6.532146803449384 -56.49971071372937
-6.778685339788866 -63.12867941041048
-8.301856529209923 -64.08094949202577
-4.882142196627718 -50.57097248000224
-9.28561501344075 -60.88466647696564
-9.42155333688473 -67.19697875876386
-6.00865633946928 -52.428199690298165
-6.727724775162602 -52.17696758946331
-7.1768422153924245 -57.27539525527816
-6.868154854364867 -52.341380939662336
-9.880728511260065 -60.01180677220888
-10.380447037789246 -64.32633735770702
-7.111481560580462 -57.324598684291715
-9.580230792650953 -64.2572226598259
-9.982285129890728 -66.83235870565865
-6.77174475554702 -52.37786339298801
-7.187583022641909 -57.22829126864786
-9.936012075588886 -60.18870064985033
-9.830016788579371 -63.276504728055556
-9.979507191155028 -64.76351174226158
-7.381727486610018 -56.98580240582939
-7.21399361405356 -57.17843376032974
-7.207051141313006 -57.1486406293264
-7.517010453067912 -63.43772846628079
-10.70682130033981 -69.32672844876392
-11.021961378744177 -61.41698351843347
-7.337881166339137 -55.15989035776827
-7.262954200485406 -55.26621330879197
-7.982604503418196 -55.13786475240833
-9.810849995176113 -64.24147907145876
-7.889078706258952 -56.606989229477236
-11.783639700375126 -51.729641858768105
-9.154328516392964 -51.39780495561243
-12.008395023940631 -63.22988308208361
-9.879271161803993 -64.19595185797981
-7.500923124931788 -55.54758912483254
-9.79053129024701 -63.60570062059791
-9.80222721829605 -63.80346609229576
-9.675896133839467 -63.62395546832072
-9.64003755435486 -63.45850095663037
-9.872681522498906 -64.10383653900504
-8.73851466768185 -69.0998325024342
-6.72127385289844 -59.97376122842387
-7.063976118418314 -59.5328362975406
-6.863855686341265 -59.27335553665596
-7.336476884485833 -60.21175772162873
-8.257104198663203 -62.83469441384932
-8.293110451968966 -63.98324504858879
-8.285240983224096 -63.9960189342011
-8.273284777964228 -64.05541150452865
-9.266479120070894 -60.92962779868863
-9.234340210186998 -60.85550888052529
-8.084531890906966 -70.21071980717726
-9.729450126197898 -65.73466808684235
-9.5583838916263 -64.2849640561076
-10.299914330401105 -64.34278881228377
-9.546385852708607 -64.4271904445861
-9.77475924556909 -65.27699742404441
-9.49378596634238 -66.7673807472717
-9.633321798777772 -66.44759154319149
-9.451204893393925 -70.43448350475359
-9.28881915938453 -65.41960050201534
-9.28266369747854 -65.68673439243368
-9.885555911953555 -58.03230475465703
-9.691292036773747 -63.211669105608756
-9.767375203799645 -62.92603350012637
-9.932905550050318 -60.21867364984185
-7.832565600449717 -73.09603388370385
-7.1889336407032305 -59.38134136872308
-9.86077017969688 -60.17258923255542
-10.449625317601017 -61.31889195957852
-6.945853035249436 -71.48936704677557
-7.428852390740947 -70.15818930390404
-7.30950777760195 -70.03651824550718
-9.154639699760207 -60.92073793627561
-8.331177897419078 -62.79250922001312
-9.733984188345127 -66.5085870765707
-9.16511595256923 -51.51748740845009
-9.907936410712098 -58.70727870933806
-9.454619618172947 -66.71883389827632
-9.424963441535295 -65.50802043632685
-9.768498810538466 -65.27720394243418
-8.02409980850422 -72.45388562211446
-10.714322944155073 -64.92232602573773
-4.171090908938139 -55.46952622325318
-3.870495351505294 -52.290657527749
-9.225190817121524 -65.47598382317013
-9.637094804593655 -65.65291008820378
-9.92062335802285 -59.508419217975444
-10.514779959230475 -64.3040441465453
-10.588222456605436 -64.13098315626753
-9.002525128772035 -66.03015920628081
-5.589547102503597 -51.38599308467788
-9.78313581609703 -56.410103923759024
-9.393892381596125 -50.704432224003064
-4.88076456188491 -48.57816933539779
-7.1003960629152 -57.15038800028418
-9.984061077345446 -58.69971536451729
-3.4912247797664 -53.7829449975916
-4.4750044065227295 -55.499292192289836
-12.08849016044058 -57.28257640769392
-4.322082326359402 -53.87982956287437
-10.240373265522352 -61.90713262163861
-11.864868558108233 -58.85007035894839
-11.837563613826102 -58.85654047731722
-7.043984595870809 -59.32170548568395
-9.024011481036494 -65.94117678590237
-9.288877499424718 -65.85608192684754
-9.23618793269636 -67.14192116610026
-10.431649776197622 -64.36923594278761
-7.016825340449143 -71.65050614970104
-8.727163775683485 -69.24670964264716
-9.236437990172632 -67.12919641572822
-12.074010306157083 -62.87058665971148
-5.779938025389275 -59.90209286489212
-9.916820171995006 -57.49313542578678
-5.887060249191437 -59.981033736878985
-6.541614448303831 -62.9478850986278
-3.8520360369341056 -54.45224091706952
-3.8598598146049823 -54.45757320485385
-3.7994137870473934 -54.43343567623879
-12.19970100038767 -61.724233333934386
-11.975007776161652 -61.07085801139994
-9.491636611849508 -66.752755739582
-3.150918433882133 -50.29791927933806
-12.001266704746824 -64.76964411820936
-8.906810629457718 -67.41607152824699
-3.515008266467382 -53.27649330427382
-3.8167855096247663 -52.09683606235345
-8.561050280799298 -64.04512552970598
-7.984463897343393 -63.50134002233178
-9.025307881133267 -67.6725942021553
-9.030828908060437 -67.72190414679166
-10.053204217159573 -64.36858492268638
-10.562213171139472 -64.21306419723402
-6.979882109049984 -62.92281203534516
-8.690631946543496 -63.06781667906529
-10.460350251055033 -64.2073169280522
-9.12791808849115 -65.3855985851755
-6.932673725494719 -59.693820583779925
-8.339656895679488 -62.87998610198524
-3.1858334578785468 -51.25743344189579
-3.3786791779465553 -54.39653599890338
-4.331844795780554 -53.724468522456704
-5.73527593274472 -53.47745497593428
-5.72971522583497 -53.59854032551903
-3.2467248662855073 -50.42709451091255
-7.881473407249372 -70.14729509741684
-8.951921343734426 -67.72095256093975
-4.0793426630664 -54.47607575238872
-9.190253165644998 -59.43917271400568
-7.536249592971941 -61.51926486783901
-6.984544578939641 -63.12116521983661
-6.732064319342685 -63.03299695750346
-9.09814002434738 -61.18529129905358
-9.618080233606424 -64.29180661082871
-7.01755243043956 -63.13771724605198
-9.939208405907255 -60.154594604475925
-3.224466743823373 -50.61896401046409
-3.244981039898332 -50.78960430464374
-8.897190059413692 -63.591277000344306
-7.754475840627902 -61.39006980874863
-7.8542749378667205 -61.152777677753285
-4.298735410335189 -55.06027063736072
-4.987986668120923 -49.78666499153309
-4.358564608628968 -55.07712569654941
0.8666524022883324 -60.59954266722234
-9.181763928112197 -60.51152976154142
-7.04956022341927 -63.08140637583726
-7.08668129431177 -63.13222255986582
-3.948249177437657 -52.10414746236946
-3.860394748953371 -52.31946951365145
-6.950021189553304 -52.70083498517643
-2.9193468326052536 -51.38055184435964
-6.905085452049337 -59.70295193215883
-6.8910152787836445 -59.70592177154166
-7.863428488262552 -61.16020881423702
-9.030138566519069 -62.48209303647518
-8.804391886764714 -62.59438871147196
-10.597673324777915 -64.12690353035626
-5.7430720107622335 -53.46394858375122
-3.234077315836111 -50.99667982500331
-3.205787030544509 -51.00803499343258
-9.141138674283948 -51.5461488020575
-3.831988972653435 -52.34234905386845
-3.7817988268570324 -52.14485924336042
-3.272651506933551 -50.37692849479754
-3.7138126305061188 -54.571689683051595
-10.92727694191761 -57.810010310737546
-2.674489873345815 -51.7194403566427
-6.118056941760253 -59.90725970205469
-9.864571433549568 -60.23521539673827
-9.407723021926223 -60.35595531836074
-8.38008112280931 -62.886569614224136
-4.050412364446508 -53.40458170743641
-9.16594490549003 -60.911805307001806
-9.061367085957636 -60.594289789592324
-9.26922319870705 -61.16340878156373
-4.4255852219262914 -55.06527195049984
-4.220149594832423 -54.76092568012575
-4.426118930458932 -55.154874257145806
-9.339309729843333 -60.40200598889776
-3.7459005263742857 -51.00819367425665
-8.666586252214898 -63.118828146909216
-9.89593218980096 -64.09857472941236
-9.905837690721052 -58.698604343733464
-3.857091447420931 -52.135245695307376
-3.8943389796410055 -52.14098725857283
-3.9201869043477418 -52.221498622052515
-4.335903180209255 -53.883071025550656
-10.532401418248169 -64.16327107539045
-6.0770409171015745 -59.92477593280901
-9.590935407468182 -59.37965605835326
-7.699412677424118 -61.50623347437367
-4.043890766567385 -54.44994775365201
-2.650432135555726 -52.454922317764975
-6.338484557592673 -62.76979315066881
-2.964565896762128 -53.14717199660412
-9.105341737744507 -59.524513478479065
-9.198455041302463 -59.443500574194836
-2.9400272072843134 -52.77966616240317
-5.830311625686849 -53.8226438895732
-8.632167029572713 -54.90472332803884
-10.252408480614575 -61.96082801149589
-3.250250658554467 -50.63297004939502
-2.9158262926808964 -52.53169961013611
-3.87058414407266 -54.38756417178468
-4.264420995794277 -55.149570231408426
-3.780276747360338 -54.69115513690902
-3.7127855026502057 -52.34763891468319
-3.766933069231428 -52.13750319945091
-3.7764299785565427 -52.224046987895306
-3.8553667769529985 -52.34894439306524
-3.6611437299053704 -54.57038387106241
-3.6695020688072706 -54.562090639879834
-3.6370550817949896 -54.43727397819984
-3.6442991510570373 -54.44494221032166
-3.5317262606861206 -54.48468686455613
-4.357644129991009 -55.03426347154627
-4.245759583916024 -54.768627783101245
-7.008915719959054 -56.97196059202275
-6.607936475657033 -56.74496508959624
-6.657362091995426 -56.65104745408746
-6.628714618990349 -56.67158104791788
-7.314896165942167 -56.421635808032185
-9.795912150348315 -55.59387066646381
-5.353711974562631 -50.992457965519534
-5.166266494980399 -57.50910131922871
-3.6926255379092736 -54.575773987933104
-3.7989701000550458 -54.441493877458576
-4.957496185518341 -55.83710639383342
-3.2127522422446066 -50.23960429927522
-8.28036306953727 -55.19845209505933
-7.267492294034008 -55.26319392496373
-8.574450718876607 -64.1900562703856
-9.237154509861101 -59.39394237365486
-9.16449348775818 -60.50942065459264
-6.048291524379295 -59.94817745814534
-4.502693139671868 -50.62465631462135
-6.262395604934243 -55.90114678861953
-9.462921789281129 -64.3845358670726
-8.719973089358088 -67.12084912627003
-6.436211825784346 -55.891203891874724
-6.8807389974861755 -56.39320859830641
-10.507139396667569 -64.67101104527286
-9.133636385018704 -65.9754791124322
-9.754786040451503 -64.16026681757684
-9.079998874065716 -66.03891480795224
-6.560322561369107 -56.51462342141798
-6.594972844557767 -56.521325988329
-8.894236475574122 -66.87478652616213
-12.144752503050073 -60.51920614264181
-10.554470080145522 -64.19107158194561
-6.8746401138369055 -56.372860904624375
-6.8750584527922225 -56.44489219298971
-14.297270911998355 -60.10159715569616
-7.53926660937125 -60.751712297461246
-8.841913915191752 -64.22817130769363
-8.649388619073093 -67.25817753759712
-9.517592421378934 -66.74876387636209
-8.820179875275118 -64.14453493784447
-8.28813508985108 -64.01497042623672
-8.708343741558648 -69.41842803728339
-8.694363235486328 -69.41990829807607
-9.175757084669318 -60.611958895472895
-9.165224027092023 -65.89460078029732
-7.187382722147868 -59.66655056260052
-10.109508196436096 -64.46869626577629
-9.572360081149643 -64.207417237728
-4.723072865784983 -50.587197687754006
-6.367364815232413 -58.21805145167581
-8.547580381147743 -54.841121893188046
-9.635471246127407 -57.928149336317134
-9.531912215745338 -63.78141147526342
-9.120729811233895 -65.56946204040013
-7.241471618556383 -59.66456367125806
-9.213157520978971 -65.88945769225704
-3.6630441997498435 -51.97015800852699
-3.793650416909974 -51.287886148510474
-3.62095342305247 -51.49022073756776
-3.780990385021579 -50.11659787704563
-4.277341455332594 -50.73410614178241
-6.226561845575975 -51.43776631649783
-3.253655329549934 -50.5907518548154
-8.034768936120964 -63.57222607528982
-8.630395392174616 -66.61675504596582
-3.301207685764685 -50.796876289679155
-3.240989502619279 -50.257568595152726
-3.3035174247883288 -46.45135615832872
-9.836178401258698 -58.94191204306183
-10.006072230498635 -64.27462168951438
-3.904261705735825 -52.04754026403997
-9.976049821334474 -64.78021799821242
-8.181937550100596 -62.87839919659136
-8.183952083143936 -62.84305453926602
-9.594598072554167 -64.0880952826799
-9.839702958381116 -60.705247634155185
-2.629952386374027 -51.88277202053868
-5.724937917173177 -53.61223013528367
-9.147181218420593 -66.07150064574051
-9.507445564620893 -64.6185813932406
-7.120391063002068 -56.66278379656923
-9.6495371431322 -65.6585137296419
-3.9973075289207047 -53.38659223747151
-2.832358188331689 -52.90525375427899
-6.932187688886966 -56.69386486456934
-8.805544085383797 -64.11984770763736
-5.152883966171307 -56.0522952265079
-7.019679045577032 -56.83109110988948
-12.081599871067702 -60.93521769898525
-9.136340199740292 -67.06893486860054
-9.701520021352307 -64.49006230907554
-10.041893656130208 -64.32507568224109
-13.666046447821744 -56.684212543194974
-7.0895542203433255 -56.94282155558408
-7.218738530632214 -56.97936543980574
-10.54029002897187 -64.67776666868902
-9.137024036909898 -66.06467277884465
-7.364661172268726 -59.982832290147456
-6.9933089190279425 -56.27082257959963
-12.378594294654123 -61.702237987123475
-11.623810932122607 -58.814954094874814
-11.605740004559104 -58.81546646979908
-7.2080765996409 -56.87612975653983
-7.073263426425991 -56.70038073285305
-10.35012553579415 -63.93229149764107
-8.656286753559664 -63.32387360631981
-8.560809210256432 -63.04708340411773
-9.529678531529308 -64.4388543644186
-10.213721465395672 -52.67009551066978
-4.366243197369408 -55.14920987707816
-10.206707997530675 -64.94420519634099
-10.604551714665023 -64.09741399315509
-9.866248606474677 -64.92975718884055
-9.828550796283407 -64.23647170350932
-9.551670698199604 -64.1917094617838
-8.236363237737178 -61.38457510334838
-9.397405684703797 -64.4566256235273
-10.624273577461608 -57.592800926475014
-10.639880247295123 -57.60954383376311
-7.250755813406834 -56.348056638173375
-6.352976564391587 -53.56038200891092
-4.14480018735107 -55.69657741436784
-10.087232635395475 -64.8914675312059
-4.720026752569296 -50.54220067947577
-9.416761903692752 -60.36707281367621
-5.23188529847001 -60.13338354891193
-9.17490327353531 -68.31981080835435
-9.872906696101339 -64.09783038304553
-8.998844579531086 -54.48660857220876
-9.931328711701036 -64.295642068589
-4.646089005371323 -55.966091599065045
-9.84169431889999 -64.95608998765378
-9.622380483889726 -64.19237117226602
-9.71474687201594 -64.7162808498048
-8.775309917478223 -62.60362747283691
-9.188462202223324 -65.55300051352867
-9.493344356523435 -64.41722647879908
-9.534871294837181 -64.30126683058327
-8.76259060414155 -62.60258780690341
-8.88614257112483 -62.53917195673076
-10.587955520278138 -64.16758213779768
-9.58925304295929 -63.82514806443773
-10.070820295794226 -64.27094671876631
-9.873423717997094 -64.24559305948144
-2.479774798232242 -46.26404929971513
-2.170693676708982 -46.59150538105451
-7.059856449080121 -55.26685005366353
-6.360953063991625 -52.23543927694783
-9.127279476793953 -61.84143717584923
-12.205757040872891 -60.89685800950448
-3.2666110858744366 -50.40712325745071
-12.444703571944553 -52.505530473218684
-3.1077729432176113 -48.50289421839974
-3.4449823253449963 -53.643668653951615
-9.02458379315787 -67.48792012516377
-7.618910983045449 -61.55761958368748
-9.429562065535222 -51.91723332500122
-9.349119600655742 -67.77127865294224
-8.282242189041819 -64.03526539696479
-9.56333734612935 -57.43757070285913
-9.707785488273311 -63.85869811143341
-11.568946730773165 -60.44282705805033
-9.869917019911094 -64.91772336094441
-9.343496807017424 -64.27926820507918
-9.933249097257901 -57.50656508311606
-7.957537014560899 -63.49984832660643
-9.916429282788004 -59.83740637935113
-9.429140111500875 -59.029116728051775
-9.698852796982354 -64.72707880551391
-12.41621196908088 -57.76025857617045
-3.3860893606653018 -50.96155011201437
-10.037508409864813 -64.32415943635112
-10.709677837497075 -57.51205256964687
-9.884607569372342 -68.72160534058425
-10.170456631141906 -68.6091161833313
-7.767633362962846 -73.06410417721307
-3.8183626690171124 -54.225085978310176
-4.726494770952471 -55.868494249814276
-6.209924440986538 -52.94181383076998
-14.217832215526746 -60.16441895783013
-9.374393349202801 -65.49471355737428
-7.478058415636451 -57.018812094378816
-8.029070616143775 -54.95362279631402
-7.796134967717629 -56.71044206729725
-7.828290843239382 -56.644227819131174
-9.393626579944527 -63.264732235722605
-9.696327479375151 -63.19344544726122
-3.226841008639265 -50.641702013889265
-4.135683245019443 -53.883484631573424
-7.305240343091605 -57.15107532392941
-9.915967377150404 -57.510171164920656
-4.6253116621001 -50.88942652000233
-9.369931569144265 -64.34252872687776
-5.2107256859911955 -50.96919522117564
-9.273250677609047 -68.1384655104804
-9.20010466199789 -68.67951647679202
-11.93925556909385 -51.53426598404394
-6.792951680732577 -56.26121929298589
-4.136940644832599 -48.90384116066815
-12.704862593992486 -57.013925475906774
-9.557125929261034 -63.29235903620074
-9.321859981183087 -62.436859253729956
-9.466959081773096 -62.35553860760018
-9.078959075960908 -67.23594163660577
-9.055567259510594 -61.02787914536444
-9.749787235749132 -67.06022874268108
-6.948151929196941 -51.01519785388716
-6.9871372843180275 -51.01112595289009
-7.002218365514856 -50.987601873355175
-9.146604182412574 -67.05012111925967
-9.156143094967657 -67.01364588993547
-9.398449301169753 -65.60635760052789
-9.708993050747457 -64.55148135055843
-10.521739327437487 -64.16134381209287
-9.84412169723013 -58.31856370378237
-7.751779750141814 -73.06431824509201
-9.893967554496692 -64.81331020797322
-3.0432681085474296 -51.32818273892908
-7.103028459912119 -57.335455846966894
-3.3300817788827324 -50.40979785899156
-10.261331313281444 -64.50642355244632
-3.2872118923117433 -50.32479313570319
-3.1378153142422467 -50.273653802076616
-3.118994718815588 -50.37123580511027
-3.140893759499389 -50.38453415691704
-10.224936148334278 -64.4759069688165
-6.986830990785825 -59.69534247889911
-9.819300892307508 -63.82060038873015
-10.816314361105976 -68.28112978108058
-8.308074378863163 -64.01957309453857
-2.945171343346696 -54.0700120843579
-9.038729290674983 -60.540671546392915
0.9030329977052938 -60.31592382365139
-10.061541723710635 -64.30712038979293
-4.478240934256518 -50.85031610201157
-6.981530095533129 -62.88916116634863
-6.6490217305211745 -62.92383899920031
-8.77885337858677 -67.66179816855438
-8.204252702873056 -62.89380005799578
-9.065996516228962 -66.12328586888512
-7.427415786301973 -72.68904400257077
-11.8870235727633 -59.45979065000412
-12.049586099547142 -62.301336107415366
-4.585816592967003 -50.95043308009447
-4.64537685980132 -49.73083359500277
-4.138407699647353 -54.237336292016856
-7.568787871175517 -60.77004370971187
-4.285934438219305 -53.88084625218627
-4.179838289213128 -53.77518478380346
-7.29729101945337 -63.156341380139864
-7.033330444619657 -62.96089841507304
-7.023263070995442 -62.9617320566133
-10.206468124751368 -61.95374292316726
-3.6729168759762874 -50.888274018967074
-6.905490404364433 -59.461046270403806
-9.105738600254309 -60.36218071532654
-8.639381587802268 -67.25009800493659
-3.771012576999403 -51.64617106948759
-2.9620105802685024 -53.137691289233565
-8.856218626076656 -66.68715125232767
-7.688852665317584 -61.05120008347694
-4.100363828594917 -54.17639126721524
-7.007849567190342 -59.7149711122682
-8.979067185705121 -63.82885152504754
-9.479764807810195 -66.71988297517791
-9.323430275226457 -65.49099520685556
-3.308293566745226 -50.81531504447188
-7.026534872949304 -63.000212209184085
-3.3540551712196662 -50.796742931883905
-10.344410015911787 -58.23841147707645
-9.996514420693694 -64.26107989318555
-9.610099247376043 -68.55427178427105
-7.546055508414024 -60.72550418779884
-3.2308254358449338 -50.09143923443016
-3.630222501506808 -50.23428603470409
-3.6727375262859354 -54.51272219728041
-4.994922756255263 -60.43019559533818
-4.928419875181061 -56.096792827879895
-3.375804334596792 -46.70536591616065
-3.6046578455590663 -51.43633207209132
-3.5933942812891653 -51.436032291676256
-3.7737140873180093 -54.707391599668725
-2.9953534990363484 -51.049109954410035
-3.7725912300066184 -52.07898133613724
-9.270462850267796 -68.09041061475344
-8.35583012205729 -62.889630884839946
-8.699392080022637 -63.11365377386414
-9.176466998411776 -59.705173969430575
-6.82462842097941 -59.9568976570398
-4.414180118672777 -54.86977104774252
-3.3447919310559517 -51.58756768708646
-10.278363077376596 -61.911779737619604
-3.0619038623692143 -51.08601154687381
-3.4677066288321154 -50.837735033925085
-3.5632894098467265 -51.5973841346249
-4.412937349138717 -55.09854023108962
-13.674731459978329 -56.65024988308189
-3.3526685595018746 -50.690127017543546
-4.2957976414587336 -50.711935870093654
-7.1263195971592275 -52.642001963903255
-7.262483723462114 -54.966421984334524
-7.335258428884322 -54.96654823732387
-3.040241449505456 -52.43763713820411
-3.8177700614300885 -50.95001501115472
-3.811955474266578 -50.95951840767414
-3.6044791005254315 -50.09479712523333
-4.117366618420273 -50.61697937275452
-10.121683502768313 -57.91125183691592
-7.8740725697063345 -61.52393342183109
-6.970063692859128 -60.04828479350153
-6.833607739078095 -59.6848143447926
-4.411050654405517 -54.844092162986954
-4.371203215677016 -54.911047876956204
-4.760025078713686 -56.02827556217738
-5.25587573876252 -56.12374886620371
-9.025452842867523 -51.45627219870928
-2.6747226608358137 -51.85970584231182
-4.499994455859944 -55.584260144927775
-3.503966044389528 -50.453475272982715
-2.7945415763273567 -52.97054395359602
-6.3458805532632825 -53.51444349875916
-4.263708513636766 -54.864439798604224
-4.128113944978364 -54.3477991445853
-4.066313364181084 -54.29433724416673
-9.138138711611294 -65.5526243589264
-9.13948806886488 -65.57528000923242
-6.815319342882039 -52.76689714478827
-9.379637100617584 -64.4122141630745
-9.391054819323806 -67.43113352302069
-9.182758776876884 -67.04264028442603
-9.185930109655065 -67.02284106991866
-8.348846831719403 -62.90991546796145
-9.183621339446075 -68.27704065876434
-9.28098716760387 -68.09504967772041
-8.616335634749968 -69.71334878122616
-9.152037721633544 -65.37717991048939
-9.300002916775902 -65.81597522602637
-9.287774406329676 -65.36007985958992
-9.307640183451976 -65.35810482695386
-9.599221517103448 -64.71384227068673
-9.351704168649636 -67.80286986082848
-9.898268610725578 -63.74885915602364
-4.9145012647205215 -48.55257899276084
-3.9090396761587725 -52.21649565326369
-3.0674212160552603 -48.86739852096157
-10.537444029561449 -68.44516381729463
-8.001670899042653 -72.31028250316109
-9.935478063900907 -64.99839042210624
-9.133912674882486 -65.36632955477864
-9.304695566050677 -65.8120307088153
-3.548977876891703 -50.36829754191736
-9.31403237045758 -65.83451487662472
-3.731072215631064 -51.11815119179001
-3.5485309191644543 -50.44912282091901
-10.103873223460308 -59.4624210319717
-3.6796721507006125 -50.23137216859164
-8.153748089236123 -61.4950138765133
-3.7501171477076083 -51.123531105442375
-8.802445145175755 -66.71471871950533
-8.872790771894966 -66.6409353952082
-9.630604246596285 -62.83334513783263
-9.325250018486438 -65.84877185508888
-9.472531441414485 -65.46772841406195
-9.306759838571155 -64.25728854465599
-9.261299344398095 -65.92378454843816
-9.025718256572311 -65.92700212431625
-9.121803763967756 -66.04621845353499
-9.209822245464098 -65.86892955767532
-9.28891837072925 -65.8634541414087
-9.36661536969653 -66.4870552259987
-9.655546565174813 -63.87129569368772
-9.936731350931778 -63.85729073205292
-9.263463800680354 -65.51229009733383
-9.125925265864824 -65.37724625300511
-9.227519805797398 -65.33647940955636
-9.465066550128348 -65.50701395587681
-9.08177176465173 -66.05993085538381
-9.156615902272133 -65.99954630220205
-9.09593420101757 -67.80761878810739
-6.6673638026140445 -56.51131935354142
-9.039374205280245 -66.04721640040718
-9.17480435932319 -67.94645178113463
-9.280668244662687 -65.37399260084896
-10.663201481689134 -69.09372384344947
-9.248889778308492 -67.8367330657605
-5.787410283128217 -59.85753361043869
-8.621069673958452 -66.5811505332785
-9.54450982162438 -64.58700124058323
-5.082014895864338 -50.88871165241681
-13.669889290696176 -56.66553265653465
-7.036108074740097 -59.74710442909022
-7.919212839372336 -61.31775511337306
-4.121893683202472 -53.77207121056467
-9.773508632265449 -65.28118560313915
-7.775106910545442 -61.345882511767904
-7.69591339689951 -61.34994561222586
-7.5628074062194575 -60.76326896452723
-7.298390473562131 -60.66856654755714
-8.55348093395316 -63.049811913865035
-9.325965310340585 -59.370126469847136
-9.3675497431834 -56.920505299908584
-10.052729009997982 -67.64837398031736
-6.936665826213154 -59.72483590136346
-6.922361454950153 -59.71822720784974
-7.062297209172996 -59.63083794432198
-6.915186375444371 -60.01275021883518
-6.852968679133664 -59.422463173345456
-6.847627628852653 -59.40928438749251
-6.836524697879976 -59.403216535333215
-6.917367271578649 -59.89359943731069
-9.146794721240152 -59.05658782219542
-9.028783358159957 -58.964081999148746
-9.314092553709328 -58.913740882209886
-7.595444387564021 -60.99033386197609
-3.6632730370584787 -50.882997861991335
-9.16316127408629 -60.510954187517996
-2.8352555768707868 -51.732377217262254
-3.1734061622307586 -51.24641846932793
-3.3163167381271195 -51.285359656424255
-11.467499005334576 -54.31400562044934
-3.0608449041365 -51.29927626648296
-5.433475489119262 -51.02304183376179
-8.722423381145825 -63.35615726289175
-8.851169702528585 -62.92876797768311
-5.095014882853218 -57.42553995176939
-2.847144121633395 -51.86184076873437
-10.1315555477198 -58.18210039279468
-9.165905978762806 -51.430231312089184
-5.450086345741424 -57.44098883710512
-8.347570072913616 -62.90422765434256
-8.830595002230845 -62.98539679786506
-6.552174474349074 -62.92111563442865
-6.984132015899523 -52.69523407612787
-3.079578579380986 -51.118738079595566
-3.5512066053664695 -51.07698827305464
-3.9268622311511354 -51.13870450425941
-2.7558532622576384 -51.655532162900414
-2.9512392050261362 -51.683258116659125
-5.769930830504889 -59.902674872870236
-9.876322061990333 -60.191464424629274
-3.2772792553461816 -50.349589026036455
-6.722657838818915 -52.17553190286264
-7.142172507443999 -59.81265046314125
-6.193461326721018 -53.21859456365775
-11.222178179174533 -58.57105676240249
-9.028598093086027 -64.4021397926871
-5.271583669729585 -60.1391178994773
-3.8965281111216683 -54.09257892327959
-4.785820754550416 -55.93690256813863
-8.683821951034343 -62.64324795910189
-9.723770337586236 -64.69747607183106
-9.52695081434373 -64.73444000678118
-6.341591198537885 -53.55951747627629
-9.561547665414162 -63.3752569966677
-10.11249241468909 -64.83098038270955
-5.38746704896936 -60.16832484341439
-5.410176445358168 -60.166347241615284
-5.332772430787428 -60.190855639315224
-7.2151594137490065 -55.195562762617726
-8.780745173205695 -66.88538692299801
-4.866710550316452 -49.546067431781
-4.853440068462972 -49.74668110283831
-4.715384840802908 -55.6616075981758
-4.65848148931693 -55.94682880948622
-7.401765872957221 -56.92449125465135
-5.153364049459833 -50.44636214580483
-7.317085194921785 -56.31400064037862
-7.3311226268096235 -57.01321704546357
-4.61610819367859 -50.91063233044411
-7.308984614805464 -56.685160860240494
-8.004211502974893 -61.70111242829759
-3.7699380194748557 -54.24950285595263
-9.5642203994696 -64.07892806484749
-8.81767974244442 -66.86682368864744
-9.070842202282499 -65.91746172880578
-3.9424828285832354 -51.1104676244891
-10.55183602252473 -64.19608047148633
-10.561808084865545 -64.2427634301356
-9.24503916430961 -65.53379895632615
-2.9214315306614034 -51.36851914015134
-2.7555527663894956 -51.60272409679434
-3.201774989272392 -50.217498966183015
-3.229584700903984 -50.36591843503104
-3.0325796354191525 -51.45926526096916
-3.244252860554531 -50.412436576013256
-3.789211960525507 -51.86027403470392
-3.9489358786534887 -51.157420335958506
-10.030410427912116 -64.3019337859079
-9.893051870728113 -63.67500835794708
-5.136065520897321 -56.272051394230715
-10.051672945177529 -64.93304484362692
-9.522659409735068 -64.29088587836209
-10.03653334461 -64.65381370804796
-10.433096393961279 -64.49627085197605
-9.903919488797664 -63.75395377589714
-10.015892959995732 -64.27398924851508
-9.782294413688819 -64.76128778105426
-12.392843613812438 -57.557710157615084
-9.317180771807237 -60.208089606964805
-10.387719356382393 -64.45018532197967
-10.553187747324749 -64.23442201732479
-6.479143616772398 -54.86304686577042
-6.634973153770754 -53.39918696474485
-9.414357772930373 -64.43939195376436
-9.576281796105683 -64.3939740317039
-9.484076431827843 -64.41048228696391
-9.815208765051553 -64.00320958115745
-9.246667757322372 -60.62241107766053
-10.228297562122881 -52.72789420672317
-12.18159992228512 -60.708415484391736
-13.682387888387552 -60.650508574731575
-13.667008132015487 -60.66974875731118
-9.626802626606112 -64.4120513772248
-10.532062530537804 -64.67874232736735
-9.856818887353251 -60.18113137010932
-10.03650284777712 -64.67170506935872
-9.13176916814086 -65.37817027116334
-9.507229431511373 -66.73994831625696
-9.377798874118797 -67.74319336409152
-9.604102744883715 -64.07774669546454
-10.43714960678412 -67.88948420663881
-7.789445414376906 -62.456989338929965
-9.937703554367353 -64.28099601776118
-8.533855328381804 -64.04095679856269
-8.566130973932177 -64.02722391059915
-9.012069080640554 -63.9047502458665
-10.557057154295869 -64.18885900186845
-10.36238538757895 -59.15753914041517
-10.562359631666691 -64.16551832119588
-9.13929831162953 -65.97958181555788
-10.76549203132471 -68.94034189584919
-7.076312864321157 -59.66860007850334
-7.06173581115041 -62.970210438110506
